0 0.78125 0.5479166666666667 0.06875 0.0625
0 0.8859375 0.5375 0.065625 0.075
0 0.7828125 0.45 0.053125 0.05
0 0.6265625 0.46875 0.046875 0.04583333333333333
0 0.653125 0.5729166666666666 0.05625 0.0625
0 0.6765625 0.42291666666666666 0.040625 0.0375
3 0.646875 0.42916666666666653 0.01875 0.04166666666666666
0 0.95625 0.43125 0.05 0.0625
0 0.8734375 0.3854166666666667 0.046875 0.04583333333333333
0 0.9015625 0.36875 0.034375 0.04583333333333333
0 0.809375 0.35208333333333336 0.03125 0.02083333333333333
2 0.6015625 0.39375 0.034375 0.0375
