0 0.7921875 0.575 0.071875 0.075
0 0.778125 0.6979166666666666 0.08125 0.09583333333333334
0 0.953125 0.83125 0.09375 0.15416666666666667
0 0.928125 0.5645833333333333 0.08125 0.0875
0 0.8390625 0.4791666666666667 0.071875 0.05833333333333333
0 0.734375 0.5020833333333333 0.05625 0.04583333333333333
0 0.6328125 0.5083333333333333 0.046875 0.04166666666666666
0 0.61875 0.4541666666666666 0.0375 0.05
0 0.6921875 0.4208333333333333 0.046875 0.025
0 0.759375 0.41875 0.0375 0.05416666666666667
1 0.6578125 0.3875 0.034375 0.04166666666666666
