2 0.7171875 0.7125 0.103125 0.13333333333333333
2 0.6671875 0.41875 0.040625 0.04583333333333333
0 0.8265625 0.4916666666666666 0.065625 0.05833333333333333
0 0.88125 0.7104166666666667 0.10625 0.12083333333333332
0 0.6859375 0.5666666666666667 0.034375 0.05833333333333333
0 0.6265625 0.4791666666666667 0.046875 0.05
0 0.7125 0.46875 0.05 0.04583333333333333
0 0.7421875 0.4 0.040625 0.05
0 0.6890625 0.3583333333333333 0.021875 0.025
1 0.865625 0.32916666666666666 0.0375 0.03333333333333333
0 0.7921875 0.3270833333333333 0.028125 0.0375
0 0.840625 0.3229166666666667 0.0375 0.0375
0 0.634375 0.35208333333333336 0.03125 0.0375
