3 0.775 0.4638888888888889 0.025 0.05555555555555555
3 0.73984375 0.44027777777777777 0.0171875 0.052777777777777785
3 0.7359375 0.39166666666666666 0.021875 0.05
0 0.6765625 0.4027777777777778 0.034375 0.05
0 0.715625 0.4875 0.046875 0.08055555555555556
0 0.8015625 0.4222222222222222 0.04375 0.07777777777777778
0 0.965625 0.9666666666666668 0.0375 0.06666666666666668
0 0.35546875 0.4694444444444445 0.0421875 0.05555555555555555
1 0.26875 0.3875 0.075 0.09166666666666666
0 0.12734375 0.5305555555555556 0.0515625 0.05
0 0.64296875 0.31666666666666665 0.0234375 0.022222222222222227
