0 0.25703125 0.7013888888888888 0.0890625 0.11388888888888887
0 0.69921875 0.4486111111111111 0.0390625 0.05833333333333333
0 0.77421875 0.4875 0.0484375 0.06944444444444445
0 0.71875 0.3875 0.040625 0.052777777777777785
0 0.34765625 0.5027777777777778 0.0453125 0.05555555555555555
1 0.7703125 0.38472222222222224 0.034375 0.052777777777777785
0 0.5421875 0.7569444444444444 0.0625 0.16944444444444445
0 0.928125 0.7722222222222223 0.096875 0.15555555555555556
4 0.26484375 0.4027777777777778 0.0890625 0.08333333333333333
1 0.0765625 0.5472222222222223 0.075 0.08888888888888889
