0 0.3890625 0.4444444444444444 0.046875 0.05555555555555555
0 0.52265625 0.4791666666666667 0.0296875 0.08055555555555556
2 0.43515625 0.4375 0.0484375 0.052777777777777785
2 0.7484375 0.4069444444444445 0.040625 0.06388888888888887
0 0.45703125 0.725 0.0703125 0.15
2 0.42265625 0.37916666666666665 0.0328125 0.05833333333333333
0 0.815625 0.5319444444444444 0.05 0.08611111111111111
0 0.571875 0.65 0.0625 0.1388888888888889
0 0.33671875 0.44722222222222224 0.0390625 0.05
3 0.29296875 0.5583333333333333 0.0296875 0.06666666666666668
0 0.54765625 0.38472222222222224 0.0296875 0.052777777777777785
0 0.59921875 0.3458333333333333 0.0234375 0.04166666666666666
0 0.08359375 0.575 0.0640625 0.05
0 0.7484375 0.3625 0.03125 0.04166666666666666
