0 0.45078125 0.3611111111111111 0.0328125 0.03333333333333333
0 0.6 0.3513888888888889 0.0375 0.08611111111111111
0 0.63984375 0.30972222222222223 0.0296875 0.030555555555555555
3 0.709375 0.44722222222222224 0.021875 0.07222222222222223
0 0.8734375 0.5263888888888889 0.065625 0.10277777777777776
0 0.33671875 0.5680555555555555 0.0609375 0.08611111111111111
3 0.38046875 0.4152777777777778 0.0296875 0.052777777777777785
1 0.1453125 0.4805555555555556 0.06875 0.07222222222222223
1 0.1375 0.6138888888888889 0.16875 0.19444444444444445
0 0.68671875 0.3416666666666667 0.0234375 0.03888888888888889
