2 0.86640625 0.5069444444444444 0.0640625 0.09166666666666666
0 0.75078125 0.575 0.0609375 0.10555555555555557
0 0.9 0.9180555555555556 0.115625 0.1638888888888889
0 0.4703125 0.6791666666666667 0.06875 0.13055555555555556
0 0.70625 0.3680555555555556 0.034375 0.04722222222222222
0 0.75703125 0.3763888888888889 0.0234375 0.036111111111111115
0 0.5421875 0.44583333333333336 0.034375 0.06388888888888887
0 0.4203125 0.4083333333333333 0.034375 0.027777777777777776
2 0.3390625 0.38333333333333336 0.0375 0.03888888888888889
0 0.18203125 0.4944444444444445 0.0453125 0.04444444444444445
