1 0.1046875 0.6819444444444445 0.0875 0.10833333333333334
1 0.4328125 0.3402777777777778 0.046875 0.04722222222222222
1 0.72890625 0.3277777777777778 0.0421875 0.06111111111111111
0 0.68125 0.3277777777777778 0.021875 0.03333333333333333
0 0.19609375 0.6930555555555555 0.0796875 0.125
0 0.25 0.5625 0.0625 0.06388888888888887
0 0.36640625 0.5138888888888888 0.0515625 0.07777777777777778
0 0.66015625 0.3638888888888889 0.0359375 0.04444444444444445
1 0.42265625 0.3930555555555556 0.0328125 0.06388888888888887
4 0.38671875 0.3875 0.0328125 0.052777777777777785
0 0.1421875 0.5236111111111111 0.05625 0.052777777777777785
1 0.596875 0.3055555555555556 0.021875 0.05
