0 0.82109375 0.5527777777777778 0.0671875 0.09444444444444444
1 0.79296875 0.4041666666666667 0.0484375 0.04722222222222222
0 0.928125 0.575 0.06875 0.12222222222222222
0 0.73125 0.525 0.046875 0.09444444444444444
0 0.4875 0.5902777777777778 0.05 0.11388888888888887
1 0.36484375 0.4125 0.0453125 0.05833333333333333
1 0.4375 0.3375 0.0375 0.04722222222222222
0 0.70625 0.37777777777777777 0.034375 0.04444444444444445
2 0.73671875 0.3458333333333333 0.0203125 0.052777777777777785
0 0.06484375 0.575 0.0515625 0.05555555555555555
0 0.6546875 0.3541666666666667 0.028125 0.04722222222222222
