0 0.69765625 0.44027777777777777 0.0390625 0.06388888888888887
0 0.7 0.3486111111111111 0.03125 0.036111111111111115
0 0.74765625 0.4236111111111111 0.0328125 0.04166666666666666
0 0.8953125 0.675 0.078125 0.13333333333333333
0 0.65390625 0.3458333333333333 0.0265625 0.04166666666666666
0 0.7484375 0.3680555555555556 0.028125 0.04166666666666666
0 0.678125 0.3958333333333333 0.028125 0.04166666666666666
0 0.40859375 0.4777777777777778 0.0359375 0.06111111111111111
0 0.33984375 0.4958333333333334 0.0390625 0.075
0 0.0953125 0.9361111111111112 0.103125 0.12777777777777774
0 0.46328125 0.3944444444444444 0.0296875 0.03888888888888889
