0 0.75 0.4597222222222222 0.0375 0.06388888888888887
0 0.6765625 0.4027777777777778 0.03125 0.06111111111111111
0 0.8125 0.5625 0.059375 0.08611111111111111
0 0.4171875 0.4208333333333333 0.040625 0.04166666666666666
1 0.76015625 0.5736111111111111 0.0484375 0.11388888888888887
1 0.7203125 0.37083333333333335 0.0375 0.06944444444444445
1 0.68984375 0.3375 0.0265625 0.036111111111111115
1 0.59296875 0.3527777777777778 0.0265625 0.05
1 0.41875 0.3458333333333333 0.040625 0.05833333333333333
0 0.06875 0.8430555555555556 0.075 0.09166666666666666
3 0.65546875 0.3416666666666667 0.0203125 0.04444444444444445
