0 0.721875 0.39166666666666666 0.0375 0.05555555555555555
3 0.759375 0.4222222222222222 0.015625 0.03888888888888889
3 0.66953125 0.37777777777777777 0.0171875 0.04444444444444445
4 0.76953125 0.3527777777777778 0.0671875 0.13333333333333333
0 0.89296875 0.6694444444444444 0.0578125 0.1
1 0.90234375 0.5347222222222222 0.0515625 0.075
1 0.7140625 0.30972222222222223 0.03125 0.052777777777777785
1 0.29296875 0.4944444444444445 0.0671875 0.07777777777777778
0 0.428125 0.3888888888888889 0.03125 0.03888888888888889
0 0.1140625 0.9222222222222224 0.078125 0.15
