0 0.87109375 0.5041666666666667 0.0484375 0.06944444444444445
0 0.75625 0.4625 0.040625 0.06388888888888887
0 0.77578125 0.39166666666666666 0.0265625 0.05
0 0.97578125 0.6763888888888889 0.0484375 0.13055555555555556
0 0.52421875 0.4833333333333333 0.0390625 0.07777777777777778
3 0.35546875 0.4861111111111111 0.0234375 0.03888888888888889
3 0.39453125 0.44583333333333336 0.0234375 0.04166666666666666
0 0.32734375 0.4569444444444444 0.0328125 0.05833333333333333
0 0.0578125 0.8625 0.1125 0.11944444444444445
1 0.4 0.38333333333333336 0.03125 0.06666666666666668
