0 0.7734375 0.7208333333333333 0.109375 0.1638888888888889
0 0.88203125 0.3861111111111111 0.0703125 0.08888888888888889
3 0.48125 0.3527777777777778 0.028125 0.06666666666666668
0 0.3921875 0.33055555555555555 0.03125 0.05
0 0.3625 0.4194444444444445 0.046875 0.06666666666666668
2 0.38125 0.2638888888888889 0.034375 0.04444444444444445
0 0.41875 0.2333333333333333 0.028125 0.05
0 0.35859375 0.22916666666666666 0.0265625 0.030555555555555555
0 0.325 0.20833333333333331 0.025 0.03333333333333333
2 0.38984375 0.18611111111111112 0.0234375 0.03888888888888889
2 0.33828125 0.175 0.0265625 0.03333333333333333
