0 0.4953125 0.5111111111111111 0.065625 0.12222222222222222
0 0.525 0.3819444444444444 0.040625 0.08611111111111111
0 0.403125 0.3541666666666667 0.040625 0.075
0 0.4484375 0.2763888888888889 0.028125 0.036111111111111115
0 0.36484375 0.2486111111111111 0.0296875 0.04722222222222222
0 0.4 0.20833333333333331 0.021875 0.03888888888888889
0 0.340625 0.1875 0.025 0.030555555555555555
2 0.88359375 0.37083333333333335 0.0859375 0.08611111111111111
3 0.83359375 0.2930555555555556 0.0203125 0.04722222222222222
3 0.30546875 0.17916666666666667 0.0171875 0.036111111111111115
3 0.34140625 0.15138888888888888 0.0109375 0.025
0 0.36484375 0.16111111111111112 0.0140625 0.022222222222222227
