0 0.675 0.6291666666666667 0.09375 0.13055555555555556
0 0.7453125 0.36527777777777776 0.065625 0.10833333333333334
0 0.73125 0.2930555555555556 0.05 0.06388888888888887
3 0.490625 0.4597222222222222 0.028125 0.08611111111111111
0 0.3546875 0.4736111111111111 0.053125 0.06944444444444445
0 0.503125 0.3555555555555556 0.04375 0.05555555555555555
0 0.39921875 0.30972222222222223 0.0390625 0.05833333333333333
0 0.39140625 0.18888888888888888 0.0171875 0.03888888888888889
2 0.36015625 0.22777777777777775 0.0296875 0.05
1 0.3078125 0.20555555555555555 0.0375 0.07222222222222223
1 0.6171875 0.17916666666666667 0.04375 0.052777777777777785
