0 0.6390625 0.23472222222222225 0.05 0.04722222222222222
0 0.6171875 0.7541666666666667 0.10625 0.20277777777777775
0 0.58984375 0.4791666666666667 0.0671875 0.11388888888888887
2 0.44453125 0.4097222222222222 0.0578125 0.08055555555555556
1 0.403125 0.3125 0.040625 0.06388888888888887
1 0.33203125 0.3111111111111111 0.0359375 0.07222222222222223
0 0.42421875 0.2416666666666667 0.0328125 0.04444444444444445
0 0.36953125 0.2305555555555556 0.0265625 0.03888888888888889
3 0.3796875 0.19166666666666668 0.0125 0.03333333333333333
0 0.34140625 0.18888888888888888 0.0171875 0.03333333333333333
0 0.375 0.16527777777777775 0.015625 0.019444444444444445
0 0.33671875 0.1638888888888889 0.0171875 0.022222222222222227
