0 0.8765625 0.4625 0.084375 0.09722222222222222
0 0.7390625 0.25277777777777777 0.05625 0.07222222222222223
0 0.6703125 0.5902777777777778 0.0875 0.125
0 0.4140625 0.7986111111111112 0.096875 0.18055555555555555
0 0.44140625 0.4097222222222222 0.0546875 0.05833333333333333
0 0.46640625 0.30277777777777776 0.0390625 0.05
0 0.396875 0.2958333333333333 0.034375 0.05833333333333333
0 0.31875 0.2361111111111111 0.025 0.027777777777777776
0 0.39921875 0.20694444444444446 0.0296875 0.030555555555555555
0 0.35 0.18888888888888888 0.021875 0.03333333333333333
1 0.83828125 0.34444444444444444 0.0859375 0.08888888888888889
