0 0.71015625 0.9388888888888888 0.1265625 0.12222222222222222
0 0.69296875 0.5986111111111111 0.0796875 0.125
0 0.4625 0.2875 0.0375 0.04166666666666666
0 0.415625 0.2333333333333333 0.021875 0.04444444444444445
0 0.35703125 0.20972222222222225 0.0203125 0.019444444444444445
0 0.31640625 0.2180555555555556 0.0171875 0.036111111111111115
1 0.33046875 0.3013888888888889 0.0390625 0.09166666666666666
1 0.6171875 0.18194444444444444 0.04375 0.06944444444444445
2 0.4328125 0.3638888888888889 0.046875 0.07777777777777778
3 0.38359375 0.2125 0.0140625 0.04166666666666666
0 0.371875 0.16944444444444445 0.028125 0.022222222222222227
1 0.3046875 0.18333333333333326 0.01875 0.03888888888888889
