3 0.68046875 0.8027777777777778 0.0578125 0.14444444444444446
0 0.41953125 0.6777777777777778 0.0796875 0.1388888888888889
0 0.34765625 0.3680555555555556 0.0421875 0.06388888888888887
0 0.3171875 0.24722222222222226 0.028125 0.03333333333333333
0 0.39609375 0.20277777777777775 0.0171875 0.03888888888888889
2 0.3578125 0.21666666666666667 0.025 0.05
2 0.41796875 0.34444444444444444 0.0421875 0.06666666666666668
2 0.3140625 0.2013888888888889 0.021875 0.04166666666666666
2 0.59375 0.18611111111111112 0.025 0.03888888888888889
1 0.87109375 0.3583333333333333 0.0890625 0.07222222222222223
