1 0.78203125 0.3013888888888889 0.0609375 0.14166666666666666
3 0.809375 0.4069444444444445 0.03125 0.08611111111111111
3 0.64375 0.2708333333333333 0.028125 0.06388888888888887
0 0.421875 0.3375 0.040625 0.052777777777777785
0 0.36953125 0.4375 0.0453125 0.06944444444444445
2 0.4703125 0.4597222222222222 0.06875 0.08611111111111111
0 0.859375 0.8597222222222223 0.146875 0.2416666666666667
0 0.36953125 0.25555555555555554 0.0328125 0.03888888888888889
0 0.4078125 0.21388888888888888 0.034375 0.03888888888888889
1 0.31484375 0.2333333333333333 0.0296875 0.05555555555555555
0 0.33984375 0.17222222222222222 0.0234375 0.027777777777777776
1 0.8953125 0.325 0.10625 0.1
