4 0.3625 0.4625 0.06875 0.3416666666666667
0 0.8609375 0.8388888888888889 0.171875 0.24444444444444444
0 0.628125 0.2263888888888889 0.0375 0.052777777777777785
1 0.50234375 0.4986111111111111 0.0796875 0.14722222222222225
1 0.32421875 0.2513888888888889 0.0484375 0.08611111111111111
1 0.3046875 0.1638888888888889 0.01875 0.07777777777777778
0 0.4234375 0.2625 0.028125 0.04166666666666666
0 0.3703125 0.1638888888888889 0.01875 0.027777777777777776
3 0.3953125 0.21944444444444444 0.015625 0.027777777777777776
3 0.3765625 0.275 0.01875 0.04444444444444445
3 0.4140625 0.3055555555555556 0.01875 0.05555555555555555
