1 0.49609375 0.4583333333333333 0.0953125 0.17777777777777778
1 0.6078125 0.7402777777777778 0.15625 0.30277777777777776
0 0.62578125 0.5138888888888888 0.0953125 0.1
0 0.68125 0.23194444444444445 0.04375 0.06388888888888887
0 0.35078125 0.4152777777777778 0.0453125 0.075
0 0.47734375 0.30972222222222223 0.0328125 0.052777777777777785
0 0.428125 0.2486111111111111 0.0375 0.04722222222222222
0 0.32421875 0.22361111111111112 0.0296875 0.036111111111111115
0 0.35390625 0.19722222222222224 0.0234375 0.03888888888888889
2 0.9109375 0.3611111111111111 0.034375 0.08333333333333333
1 0.33515625 0.16111111111111112 0.0234375 0.05
