1 0.4453125 0.7680555555555556 0.115625 0.2305555555555556
1 0.853125 0.3013888888888889 0.065625 0.125
1 0.615625 0.1763888888888889 0.046875 0.08611111111111111
0 0.56953125 0.4597222222222222 0.0609375 0.08611111111111111
0 0.465625 0.42777777777777776 0.059375 0.07777777777777778
2 0.38203125 0.5472222222222223 0.0609375 0.12222222222222222
1 0.33671875 0.32916666666666666 0.0421875 0.08611111111111111
3 0.40078125 0.21388888888888888 0.0234375 0.05
0 0.3609375 0.2263888888888889 0.028125 0.036111111111111115
0 0.34140625 0.19583333333333333 0.0265625 0.025
1 0.29921875 0.18194444444444444 0.0171875 0.04166666666666666
