1 0.46484375 0.8180555555555555 0.1140625 0.24722222222222226
1 0.34453125 0.3138888888888889 0.0484375 0.09444444444444444
1 0.315625 0.22916666666666666 0.040625 0.06388888888888887
2 0.72578125 0.2333333333333333 0.0453125 0.06666666666666668
0 0.6203125 0.5125 0.0875 0.10277777777777776
0 0.4984375 0.3458333333333333 0.05 0.06388888888888887
0 0.40625 0.2125 0.025 0.04166666666666666
0 0.35859375 0.2222222222222222 0.0171875 0.04444444444444445
3 0.3578125 0.16527777777777775 0.0125 0.025
3 0.34453125 0.19027777777777774 0.0109375 0.04166666666666666
0 0.3359375 0.16527777777777775 0.015625 0.025
