2 0.5015625 0.4847222222222222 0.071875 0.09722222222222222
4 0.76015625 0.2569444444444444 0.0859375 0.08611111111111111
4 0.2984375 0.1388888888888889 0.025 0.07222222222222223
1 0.3171875 0.2125 0.028125 0.06944444444444445
0 0.3875 0.19166666666666668 0.03125 0.022222222222222227
0 0.62109375 0.225 0.0421875 0.04444444444444445
0 0.60390625 0.18333333333333326 0.0265625 0.03888888888888889
0 0.68828125 0.6263888888888889 0.0890625 0.125
0 0.83125 0.3611111111111111 0.0625 0.07777777777777778
3 0.73359375 0.3416666666666667 0.0265625 0.05555555555555555
