0 0.65078125 0.2847222222222222 0.0390625 0.05833333333333333
0 0.65078125 0.24444444444444444 0.0359375 0.04444444444444445
3 0.85859375 0.3486111111111111 0.0296875 0.075
2 0.52578125 0.575 0.0765625 0.14444444444444446
0 0.7734375 0.7305555555555555 0.109375 0.16666666666666666
0 0.4640625 0.9138888888888888 0.09375 0.17222222222222222
0 0.38515625 0.2875 0.0359375 0.05833333333333333
0 0.35 0.20833333333333331 0.03125 0.03888888888888889
0 0.3078125 0.1875 0.021875 0.025
4 0.6828125 0.18472222222222226 0.109375 0.1361111111111111
