0 0.33125 0.30972222222222223 0.034375 0.04166666666666666
0 0.44375 0.3805555555555555 0.046875 0.06666666666666668
0 0.75234375 0.3138888888888889 0.0640625 0.07222222222222223
3 0.67109375 0.24305555555555555 0.0234375 0.05833333333333333
3 0.57265625 0.6861111111111111 0.0359375 0.1388888888888889
0 0.69453125 0.6138888888888889 0.0859375 0.17222222222222222
1 0.425 0.6888888888888889 0.128125 0.3111111111111111
0 0.37421875 0.2375 0.0296875 0.036111111111111115
0 0.3890625 0.1930555555555556 0.025 0.036111111111111115
0 0.36875 0.1597222222222222 0.028125 0.025
