0 0.46484375 0.6972222222222222 0.0609375 0.12222222222222222
0 0.8921875 0.5555555555555556 0.040625 0.08333333333333333
0 0.35234375 0.5458333333333333 0.0578125 0.10833333333333334
0 0.5296875 0.4527777777777778 0.0375 0.06666666666666668
0 0.48125 0.3388888888888889 0.025 0.04444444444444445
0 0.30546875 0.3958333333333333 0.0359375 0.052777777777777785
0 0.56875 0.325 0.025 0.03888888888888889
4 0.53359375 0.2930555555555556 0.0390625 0.06944444444444445
4 0.5953125 0.25277777777777777 0.025 0.03333333333333333
4 0.54765625 0.2375 0.0234375 0.025
