2 0.40703125 0.8361111111111111 0.0984375 0.2388888888888889
0 0.42734375 0.5472222222222223 0.0453125 0.06666666666666668
0 0.528125 0.4069444444444445 0.034375 0.06388888888888887
0 0.596875 0.39166666666666666 0.025 0.04444444444444445
0 0.4578125 0.3638888888888889 0.028125 0.03888888888888889
0 0.53828125 0.3333333333333333 0.0203125 0.04444444444444445
0 0.61640625 0.2722222222222222 0.0234375 0.027777777777777776
0 0.52265625 0.2638888888888889 0.0203125 0.027777777777777776
0 0.06171875 0.6541666666666667 0.0578125 0.06388888888888887
3 0.6015625 0.45 0.021875 0.06666666666666668
0 0.275 0.4236111111111111 0.028125 0.04722222222222222
