0 0.38984375 0.5722222222222222 0.0328125 0.07222222222222223
0 0.3875 0.4069444444444445 0.025 0.04166666666666666
0 0.35078125 0.44583333333333336 0.0234375 0.04722222222222222
0 0.32890625 0.3555555555555556 0.0265625 0.03888888888888889
0 0.49765625 0.3611111111111111 0.0171875 0.03333333333333333
0 0.35078125 0.3111111111111111 0.0171875 0.03333333333333333
0 0.925 0.9541666666666668 0.08125 0.09166666666666666
1 0.8828125 0.6777777777777778 0.11875 0.18888888888888888
1 0.67421875 0.4902777777777778 0.1078125 0.19722222222222224
1 0.31484375 0.6027777777777777 0.0640625 0.15
1 0.409375 0.9333333333333332 0.078125 0.13333333333333333
1 0.29140625 0.33055555555555555 0.0265625 0.05
1 0.25859375 0.2791666666666667 0.0234375 0.04166666666666666
0 0.3078125 0.2875 0.015625 0.025
0 0.30546875 0.25833333333333336 0.0140625 0.022222222222222227
