1 0.56640625 0.3888888888888889 0.0453125 0.07777777777777778
2 0.628125 0.4236111111111111 0.034375 0.05833333333333333
0 0.35078125 0.32083333333333336 0.0265625 0.036111111111111115
0 0.7078125 0.6416666666666667 0.05625 0.08333333333333333
0 0.52421875 0.4111111111111111 0.0265625 0.04444444444444445
0 0.29140625 0.3194444444444444 0.0171875 0.03333333333333333
0 0.46953125 0.3263888888888889 0.0234375 0.030555555555555555
1 0.26015625 0.2791666666666667 0.0234375 0.036111111111111115
1 0.9609375 0.2986111111111111 0.04375 0.04166666666666666
2 0.48359375 0.2763888888888889 0.0234375 0.036111111111111115
