0 0.43125 0.5222222222222223 0.034375 0.05
0 0.553125 0.44166666666666665 0.03125 0.05
0 0.3796875 0.4041666666666667 0.03125 0.04166666666666666
1 0.309375 0.4111111111111111 0.03125 0.05555555555555555
1 0.259375 0.375 0.028125 0.04444444444444445
3 0.28125 0.5597222222222222 0.025 0.05833333333333333
4 0.2890625 0.32222222222222224 0.01875 0.07777777777777778
1 0.37109375 0.7680555555555556 0.0671875 0.14722222222222225
1 0.43046875 0.6875 0.0609375 0.10833333333333334
0 0.31796875 0.29444444444444445 0.0171875 0.027777777777777776
