0 0.74296875 0.6736111111111112 0.0578125 0.11388888888888887
0 0.63984375 0.6458333333333334 0.0484375 0.09166666666666666
0 0.5265625 0.3583333333333333 0.03125 0.03888888888888889
0 0.40546875 0.4694444444444445 0.0359375 0.05
0 0.2578125 0.31527777777777777 0.01875 0.030555555555555555
3 0.31875 0.32222222222222224 0.015625 0.022222222222222227
0 0.4375 0.2888888888888889 0.021875 0.03333333333333333
0 0.4109375 0.25833333333333336 0.015625 0.022222222222222227
0 0.8453125 0.26944444444444443 0.03125 0.027777777777777776
0 0.7640625 0.24722222222222226 0.03125 0.022222222222222227
