1 0.76328125 0.5736111111111111 0.0734375 0.09722222222222222
1 0.51015625 0.31666666666666665 0.0265625 0.04444444444444445
1 0.2875 0.26944444444444443 0.021875 0.03888888888888889
3 0.56171875 0.425 0.0171875 0.03888888888888889
0 0.5578125 0.8763888888888889 0.06875 0.11388888888888887
0 0.2625 0.30277777777777776 0.021875 0.027777777777777776
2 0.3515625 0.4361111111111111 0.025 0.05555555555555555
3 0.32265625 0.3625 0.0203125 0.036111111111111115
3 0.42265625 0.26666666666666666 0.0109375 0.027777777777777776
0 0.31171875 0.26666666666666666 0.0171875 0.03333333333333333
