0 0.75078125 0.8305555555555556 0.0671875 0.09444444444444444
3 0.75625 0.6805555555555556 0.034375 0.07222222222222223
0 0.64921875 0.5694444444444444 0.0453125 0.07222222222222223
0 0.3734375 0.37777777777777777 0.028125 0.05
1 0.30703125 0.38472222222222224 0.0328125 0.075
1 0.2640625 0.3541666666666667 0.028125 0.04722222222222222
1 0.45390625 0.2763888888888889 0.0265625 0.04166666666666666
2 0.26328125 0.4013888888888889 0.0234375 0.04166666666666666
0 0.6 0.5722222222222222 0.03125 0.06111111111111111
1 0.25859375 0.2916666666666667 0.0171875 0.03333333333333333
