4 0.82890625 0.6319444444444444 0.1484375 0.20277777777777775
0 0.62578125 0.6333333333333333 0.0484375 0.07777777777777778
0 0.628125 0.5347222222222222 0.0375 0.06388888888888887
1 0.59765625 0.4027777777777778 0.0328125 0.05555555555555555
1 0.32578125 0.5694444444444444 0.0390625 0.07777777777777778
1 0.3109375 0.4111111111111111 0.03125 0.06111111111111111
2 0.33046875 0.33194444444444443 0.0234375 0.04166666666666666
2 0.36796875 0.4694444444444445 0.0359375 0.07222222222222223
1 0.48984375 0.32222222222222224 0.0265625 0.03888888888888889
1 0.278125 0.28194444444444444 0.015625 0.030555555555555555
2 0.2921875 0.30972222222222223 0.01875 0.04166666666666666
0 0.8265625 0.2708333333333333 0.03125 0.036111111111111115
