0 0.39609375 0.5805555555555556 0.0546875 0.08333333333333333
2 0.71796875 0.6569444444444444 0.0703125 0.09722222222222222
2 0.759375 0.5555555555555556 0.04375 0.07777777777777778
1 0.70859375 0.5597222222222222 0.0578125 0.08055555555555556
1 0.26015625 0.4069444444444445 0.0359375 0.08055555555555556
1 0.30703125 0.4013888888888889 0.0296875 0.04722222222222222
2 0.59765625 0.4111111111111111 0.0328125 0.04444444444444445
1 0.51875 0.3111111111111111 0.025 0.03888888888888889
0 0.45703125 0.3111111111111111 0.0265625 0.03333333333333333
0 0.3296875 0.3472222222222222 0.01875 0.03333333333333333
