1 0.7390625 0.4777777777777778 0.0375 0.09444444444444444
1 0.7625 0.37222222222222223 0.0375 0.06111111111111111
1 0.94921875 0.6708333333333333 0.1015625 0.26944444444444443
0 0.28046875 0.5027777777777778 0.0484375 0.05555555555555555
0 0.16796875 0.4861111111111111 0.0515625 0.06111111111111111
0 0.15 0.5597222222222222 0.059375 0.05833333333333333
0 0.13203125 0.65 0.0796875 0.07777777777777778
0 0.44140625 0.3472222222222222 0.0265625 0.03333333333333333
0 0.35625 0.3402777777777778 0.025 0.019444444444444445
0 0.58359375 0.33611111111111114 0.0234375 0.027777777777777776
