0 0.88359375 0.5916666666666667 0.0515625 0.09444444444444444
0 0.7515625 0.4583333333333333 0.034375 0.06666666666666668
0 0.14296875 0.5444444444444444 0.0609375 0.1
0 0.33203125 0.43472222222222223 0.0359375 0.04166666666666666
3 0.4359375 0.4486111111111111 0.01875 0.05833333333333333
0 0.3921875 0.3597222222222222 0.021875 0.04166666666666666
0 0.4359375 0.35 0.01875 0.03333333333333333
0 0.59453125 0.3611111111111111 0.0203125 0.027777777777777776
0 0.58046875 0.33611111111111114 0.0203125 0.027777777777777776
1 0.7578125 0.37222222222222223 0.028125 0.07777777777777778
1 0.42734375 0.30277777777777776 0.0234375 0.04444444444444445
1 0.3984375 0.31666666666666665 0.028125 0.04444444444444445
0 0.07109375 0.4166666666666667 0.0359375 0.03333333333333333
