0 0.2921875 0.4833333333333333 0.040625 0.05
3 0.2125 0.5305555555555556 0.01875 0.07222222222222223
3 0.17421875 0.5402777777777777 0.0234375 0.06388888888888887
2 0.203125 0.4597222222222222 0.05 0.06388888888888887
0 0.29765625 0.38472222222222224 0.0265625 0.036111111111111115
0 0.29375 0.43333333333333335 0.0375 0.03888888888888889
1 0.61640625 0.3277777777777778 0.0171875 0.05
1 0.89609375 0.4847222222222222 0.0328125 0.052777777777777785
0 0.540625 0.325 0.021875 0.04444444444444445
1 0.765625 0.3638888888888889 0.028125 0.07777777777777778
