1 0.50625 0.3680555555555556 0.034375 0.05833333333333333
0 0.1984375 0.8055555555555556 0.09375 0.2
3 0.90546875 0.7513888888888889 0.0453125 0.1361111111111111
3 0.23203125 0.5152777777777777 0.0296875 0.06944444444444445
0 0.309375 0.4180555555555556 0.0375 0.04166666666666666
2 0.265625 0.4055555555555556 0.034375 0.05555555555555555
0 0.40703125 0.3736111111111111 0.0265625 0.025
0 0.36875 0.3597222222222222 0.034375 0.036111111111111115
0 0.590625 0.35694444444444445 0.03125 0.030555555555555555
0 0.0265625 0.7694444444444445 0.053125 0.09444444444444444
