1 0.85390625 0.5902777777777778 0.0734375 0.10833333333333334
1 0.3875 0.6125 0.0875 0.19166666666666668
0 0.29921875 0.6236111111111111 0.0703125 0.10833333333333334
2 0.48203125 0.4180555555555556 0.0296875 0.06944444444444445
2 0.3078125 0.3805555555555555 0.025 0.04444444444444445
1 0.24765625 0.3805555555555555 0.0578125 0.06111111111111111
0 0.37578125 0.4 0.0265625 0.05
0 0.346875 0.37777777777777777 0.025 0.027777777777777776
0 0.41171875 0.35694444444444445 0.0265625 0.025
1 0.40703125 0.2930555555555556 0.0234375 0.04166666666666666
1 0.45703125 0.3194444444444444 0.0171875 0.03333333333333333
3 0.396875 0.475 0.021875 0.05
