0 0.65625 0.8652777777777778 0.121875 0.1638888888888889
0 0.2921875 0.43333333333333335 0.046875 0.06666666666666668
0 0.146875 0.4597222222222222 0.040625 0.06388888888888887
0 0.12890625 0.2916666666666667 0.0328125 0.04444444444444445
0 0.07890625 0.2833333333333333 0.0234375 0.04444444444444445
0 0.025 0.5041666666666667 0.0375 0.08055555555555556
0 0.08984375 0.23194444444444445 0.0234375 0.04722222222222222
1 0.1921875 0.3125 0.059375 0.11388888888888887
1 0.1375 0.17083333333333334 0.025 0.052777777777777785
4 0.1703125 0.1763888888888889 0.025 0.06388888888888887
