0 0.4609375 0.6222222222222222 0.078125 0.17777777777777778
1 0.7 0.4944444444444445 0.078125 0.25
1 0.6875 0.3069444444444445 0.028125 0.08055555555555556
1 0.75 0.2125 0.025 0.06388888888888887
1 0.47109375 0.2902777777777778 0.0390625 0.06944444444444445
1 0.2984375 0.43333333333333335 0.046875 0.08888888888888889
3 0.3515625 0.4236111111111111 0.025 0.05833333333333333
0 0.53046875 0.2930555555555556 0.0328125 0.05833333333333333
0 0.61484375 0.35 0.0296875 0.07777777777777778
0 0.665625 0.25 0.021875 0.03888888888888889
2 0.709375 0.23194444444444445 0.025 0.04722222222222222
0 0.6921875 0.2111111111111111 0.015625 0.03333333333333333
0 0.63671875 0.15833333333333333 0.0140625 0.027777777777777776
