0 0.4640625 0.29444444444444445 0.034375 0.03333333333333333
0 0.60390625 0.2111111111111111 0.0203125 0.027777777777777776
0 0.690625 0.20833333333333331 0.028125 0.027777777777777776
0 0.7234375 0.18055555555555555 0.0125 0.027777777777777776
0 0.6921875 0.175 0.015625 0.022222222222222227
0 0.6109375 0.175 0.021875 0.022222222222222227
1 0.55625 0.2 0.03125 0.03888888888888889
1 0.0609375 0.6597222222222222 0.0875 0.08611111111111111
1 0.74921875 0.15138888888888888 0.0234375 0.04722222222222222
0 0.63125 0.15555555555555556 0.01875 0.022222222222222227
