0 0.275 0.5166666666666667 0.06875 0.06111111111111111
0 0.44765625 0.3416666666666667 0.0453125 0.04444444444444445
1 0.49609375 0.25277777777777777 0.0359375 0.07222222222222223
0 0.5734375 0.2222222222222222 0.025 0.03888888888888889
0 0.67578125 0.2333333333333333 0.0234375 0.03888888888888889
0 0.59765625 0.19444444444444445 0.0203125 0.03333333333333333
0 0.69765625 0.16944444444444445 0.0171875 0.022222222222222227
0 0.7109375 0.4986111111111111 0.04375 0.10277777777777776
1 0.625 0.15694444444444444 0.015625 0.030555555555555555
1 0.61875 0.8125 0.1625 0.375
1 0.046875 0.675 0.090625 0.12777777777777774
