4 0.47421875 0.2305555555555556 0.0515625 0.04444444444444445
2 0.74453125 0.25833333333333336 0.0265625 0.05555555555555555
2 0.58125 0.20416666666666666 0.01875 0.025
1 0.546875 0.20833333333333331 0.025 0.03888888888888889
1 0.75 0.15555555555555556 0.028125 0.05555555555555555
1 0.725 0.14305555555555555 0.01875 0.04166666666666666
2 0.6921875 0.2972222222222222 0.034375 0.05555555555555555
0 0.63515625 0.1763888888888889 0.0140625 0.030555555555555555
0 0.60703125 0.1638888888888889 0.0109375 0.022222222222222227
1 0.64296875 0.12638888888888888 0.0171875 0.036111111111111115
