0 0.73203125 0.4069444444444445 0.0390625 0.075
0 0.53828125 0.4708333333333333 0.0609375 0.075
0 0.61953125 0.19444444444444445 0.0140625 0.022222222222222227
1 0.7515625 0.22083333333333333 0.01875 0.030555555555555555
1 0.746875 0.17916666666666667 0.021875 0.030555555555555555
3 0.7125 0.20555555555555555 0.0125 0.03333333333333333
3 0.68046875 0.2125 0.0140625 0.04166666666666666
1 0.57734375 0.18333333333333326 0.0234375 0.03333333333333333
0 0.69609375 0.1736111111111111 0.0171875 0.025
2 0.7265625 0.15833333333333333 0.01875 0.027777777777777776
0 0.74609375 0.14444444444444446 0.0109375 0.022222222222222227
