2 0.6484375 0.4138888888888889 0.05 0.08333333333333333
2 0.74921875 0.2777777777777778 0.0265625 0.06111111111111111
1 0.72265625 0.4027777777777778 0.0515625 0.12777777777777774
1 0.371875 0.36666666666666653 0.04375 0.05555555555555555
1 0.09609375 0.6930555555555555 0.0953125 0.09166666666666666
0 0.465625 0.37222222222222223 0.034375 0.05555555555555555
0 0.546875 0.2777777777777778 0.025 0.03888888888888889
0 0.64140625 0.29444444444444445 0.0328125 0.04444444444444445
2 0.5984375 0.1986111111111111 0.021875 0.030555555555555555
3 0.721875 0.2013888888888889 0.015625 0.036111111111111115
3 0.58125 0.18333333333333326 0.0125 0.022222222222222227
0 0.49921875 0.21944444444444444 0.0171875 0.03333333333333333
0 0.090625 0.7986111111111112 0.109375 0.10277777777777776
0 0.69765625 0.17916666666666667 0.0140625 0.025
0 0.7265625 0.16527777777777775 0.015625 0.025
