1 0.47421875 0.3111111111111111 0.0390625 0.07222222222222223
1 0.5078125 0.2013888888888889 0.021875 0.036111111111111115
3 0.5609375 0.23472222222222225 0.015625 0.030555555555555555
3 0.73671875 0.175 0.0171875 0.03333333333333333
0 0.709375 0.23194444444444445 0.01875 0.04166666666666666
0 0.6953125 0.3138888888888889 0.034375 0.05
0 0.75625 0.2805555555555556 0.025 0.03333333333333333
0 0.59765625 0.225 0.0234375 0.027777777777777776
0 0.63203125 0.1763888888888889 0.0203125 0.030555555555555555
1 0.75078125 0.22777777777777775 0.0296875 0.06111111111111111
