3 0.59453125 0.5888888888888889 0.0234375 0.09444444444444444
4 0.459375 0.2458333333333333 0.053125 0.052777777777777785
1 0.62578125 0.8819444444444444 0.1234375 0.2361111111111111
1 0.74765625 0.2388888888888889 0.0265625 0.06111111111111111
1 0.46484375 0.30972222222222223 0.0484375 0.06388888888888887
1 0.29921875 0.4444444444444444 0.0515625 0.06666666666666668
0 0.24609375 0.55 0.0609375 0.05555555555555555
0 0.6109375 0.19583333333333333 0.021875 0.030555555555555555
1 0.746875 0.19027777777777774 0.021875 0.025
1 0.75 0.15138888888888888 0.01875 0.04166666666666666
2 0.725 0.16111111111111112 0.015625 0.027777777777777776
0 0.6171875 0.1736111111111111 0.015625 0.030555555555555555
