0 0.6328125 0.4888888888888889 0.053125 0.11666666666666667
2 0.31875 0.4625 0.06875 0.075
1 0.7125 0.4972222222222222 0.053125 0.24444444444444444
1 0.55234375 0.8069444444444445 0.1421875 0.3861111111111111
1 0.75390625 0.2611111111111111 0.0328125 0.08333333333333333
0 0.7171875 0.2013888888888889 0.021875 0.036111111111111115
0 0.75 0.19722222222222224 0.01875 0.027777777777777776
0 0.58828125 0.23472222222222225 0.0171875 0.030555555555555555
3 0.56171875 0.2333333333333333 0.0140625 0.03888888888888889
0 0.490625 0.225 0.01875 0.027777777777777776
1 0.5734375 0.19027777777777774 0.01875 0.04722222222222222
