0 0.46875 0.6208333333333333 0.075 0.11944444444444445
2 0.33046875 0.5013888888888889 0.0765625 0.09166666666666666
1 0.73203125 0.3958333333333333 0.0546875 0.14166666666666666
0 0.51015625 0.2847222222222222 0.0265625 0.04166666666666666
3 0.4171875 0.375 0.025 0.03888888888888889
1 0.7484375 0.1763888888888889 0.01875 0.04722222222222222
1 0.56328125 0.19444444444444445 0.0296875 0.05
1 0.6 0.1875 0.01875 0.04722222222222222
0 0.61796875 0.16666666666666666 0.0234375 0.027777777777777776
0 0.64921875 0.12777777777777774 0.0140625 0.022222222222222227
0 0.74765625 0.14583333333333334 0.0109375 0.025
