0 0.42421875 0.7013888888888888 0.0828125 0.13055555555555556
0 0.690625 0.2791666666666667 0.03125 0.052777777777777785
0 0.753125 0.2722222222222222 0.025 0.05
0 0.7171875 0.225 0.01875 0.027777777777777776
0 0.4046875 0.3527777777777778 0.04375 0.027777777777777776
0 0.47734375 0.2375 0.0234375 0.025
0 0.5546875 0.21388888888888888 0.021875 0.03333333333333333
1 0.75 0.16527777777777775 0.021875 0.04166666666666666
1 0.609375 0.15833333333333333 0.015625 0.027777777777777776
3 0.62734375 0.15555555555555556 0.0109375 0.027777777777777776
