3 0.73359375 0.4152777777777778 0.0234375 0.05833333333333333
3 0.4609375 0.37222222222222223 0.025 0.05555555555555555
3 0.49453125 0.2791666666666667 0.0171875 0.030555555555555555
0 0.39921875 0.3958333333333333 0.0359375 0.04722222222222222
1 0.440625 0.3 0.034375 0.09444444444444444
0 0.521875 0.2791666666666667 0.025 0.04166666666666666
0 0.59296875 0.17777777777777778 0.0140625 0.022222222222222227
0 0.634375 0.18055555555555555 0.01875 0.03333333333333333
0 0.72421875 0.15555555555555556 0.0140625 0.022222222222222227
1 0.74765625 0.15416666666666667 0.0140625 0.04166666666666666
