0 0.7390625 0.3055555555555556 0.021875 0.05
0 0.68984375 0.3 0.0265625 0.03888888888888889
0 0.64140625 0.2972222222222222 0.0234375 0.05
0 0.67734375 0.2333333333333333 0.0265625 0.027777777777777776
0 0.74453125 0.21944444444444444 0.0265625 0.03888888888888889
0 0.69140625 0.2 0.0203125 0.03333333333333333
0 0.59609375 0.2 0.0140625 0.027777777777777776
0 0.5296875 0.19166666666666668 0.015625 0.022222222222222227
0 0.72265625 0.19444444444444445 0.0171875 0.022222222222222227
0 0.62734375 0.1638888888888889 0.0171875 0.022222222222222227
0 0.75 0.1625 0.015625 0.019444444444444445
0 0.7234375 0.15833333333333333 0.015625 0.022222222222222227
1 0.27265625 0.4708333333333333 0.0578125 0.10277777777777776
