2 0.7265625 0.43472222222222223 0.04375 0.11944444444444445
2 0.4734375 0.3083333333333333 0.0375 0.05
0 0.721875 0.15694444444444444 0.01875 0.025
0 0.6421875 0.16666666666666666 0.01875 0.03333333333333333
0 0.28359375 0.4986111111111111 0.0640625 0.052777777777777785
0 0.296875 0.5541666666666667 0.071875 0.08611111111111111
0 0.590625 0.2263888888888889 0.01875 0.030555555555555555
1 0.534375 0.22083333333333333 0.034375 0.04166666666666666
1 0.603125 0.1736111111111111 0.025 0.04166666666666666
0 0.45390625 0.25416666666666665 0.0265625 0.025
