3 0.58515625 0.5305555555555556 0.0203125 0.07777777777777778
0 0.41171875 0.7013888888888888 0.0859375 0.1527777777777778
0 0.51015625 0.3333333333333333 0.0265625 0.04444444444444445
0 0.303125 0.4027777777777778 0.034375 0.04444444444444445
0 0.27109375 0.5222222222222223 0.0546875 0.04444444444444445
0 0.4578125 0.2625 0.03125 0.025
0 0.62734375 0.19027777777777774 0.0203125 0.036111111111111115
1 0.47421875 0.30972222222222223 0.0484375 0.08611111111111111
0 0.65234375 0.15416666666666667 0.0109375 0.025
0 0.621875 0.1527777777777778 0.0125 0.027777777777777776
