1 0.659375 0.6861111111111111 0.084375 0.16666666666666666
4 0.74921875 0.1986111111111111 0.0296875 0.052777777777777785
0 0.70625 0.24722222222222226 0.01875 0.03333333333333333
0 0.43359375 0.35 0.0484375 0.04444444444444445
0 0.396875 0.4430555555555555 0.05625 0.052777777777777785
2 0.25703125 0.5180555555555556 0.0734375 0.06388888888888887
0 0.58984375 0.20277777777777775 0.0171875 0.027777777777777776
3 0.5765625 0.1930555555555556 0.0125 0.025
0 0.6140625 0.1763888888888889 0.015625 0.025
0 0.62578125 0.15694444444444444 0.0140625 0.030555555555555555
