0 0.35078125 0.7972222222222223 0.1078125 0.15555555555555556
0 0.66171875 0.37222222222222223 0.0359375 0.06111111111111111
3 0.70390625 0.2791666666666667 0.0203125 0.04722222222222222
1 0.74765625 0.25277777777777777 0.0328125 0.09444444444444444
1 0.6671875 0.24444444444444444 0.025 0.027777777777777776
3 0.3515625 0.4597222222222222 0.028125 0.05833333333333333
1 0.3 0.4722222222222222 0.05 0.07222222222222223
1 0.49765625 0.2388888888888889 0.0515625 0.08333333333333333
1 0.60703125 0.175 0.0265625 0.05
0 0.5265625 0.17916666666666667 0.01875 0.019444444444444445
0 0.74375 0.19027777777777774 0.025 0.025
0 0.69453125 0.175 0.0140625 0.027777777777777776
