1 0.60078125 0.9208333333333332 0.1828125 0.15833333333333333
0 0.71328125 0.5375 0.0546875 0.11944444444444445
0 0.58671875 0.4041666666666667 0.0453125 0.06944444444444445
0 0.64921875 0.3069444444444445 0.0328125 0.04722222222222222
0 0.47578125 0.2930555555555556 0.0265625 0.030555555555555555
2 0.4625 0.2513888888888889 0.025 0.030555555555555555
2 0.70859375 0.26944444444444443 0.0234375 0.05
0 0.6765625 0.21388888888888888 0.01875 0.04444444444444445
3 0.59765625 0.21944444444444444 0.0171875 0.022222222222222227
3 0.615625 0.1875 0.015625 0.025
0 0.70859375 0.2305555555555556 0.0171875 0.03888888888888889
1 0.584375 0.20833333333333331 0.015625 0.03888888888888889
1 0.75078125 0.18333333333333326 0.0234375 0.05555555555555555
