0 0.684375 0.4222222222222222 0.04375 0.09444444444444444
0 0.41484375 0.42777777777777776 0.0515625 0.05555555555555555
0 0.29921875 0.4861111111111111 0.0546875 0.06111111111111111
0 0.24609375 0.6263888888888889 0.0828125 0.075
0 0.08203125 0.7180555555555556 0.0921875 0.08055555555555556
0 0.446875 0.3555555555555556 0.040625 0.04444444444444445
0 0.55546875 0.2791666666666667 0.0296875 0.036111111111111115
0 0.6671875 0.2652777777777778 0.025 0.04166666666666666
1 0.378125 0.3694444444444445 0.040625 0.06111111111111111
2 0.56171875 0.23194444444444445 0.0296875 0.030555555555555555
0 0.4734375 0.24305555555555555 0.01875 0.025
0 0.61015625 0.2180555555555556 0.0234375 0.04166666666666666
0 0.5765625 0.1930555555555556 0.01875 0.025
0 0.63828125 0.175 0.0140625 0.027777777777777776
1 0.6078125 0.15833333333333333 0.021875 0.027777777777777776
1 0.628125 0.15138888888888888 0.025 0.052777777777777785
