1 0.4078125 0.37222222222222223 0.04375 0.05555555555555555
0 0.525 0.30416666666666664 0.025 0.052777777777777785
0 0.49609375 0.29444444444444445 0.0140625 0.03333333333333333
0 0.57578125 0.25 0.0296875 0.022222222222222227
0 0.61484375 0.21666666666666667 0.0265625 0.03333333333333333
0 0.2921875 0.4222222222222222 0.034375 0.03888888888888889
1 0.6390625 0.44166666666666665 0.071875 0.17777777777777778
1 0.7359375 0.3597222222222222 0.046875 0.11944444444444445
1 0.6921875 0.2930555555555556 0.025 0.04722222222222222
1 0.7375 0.26805555555555555 0.028125 0.08055555555555556
1 0.75 0.2111111111111111 0.025 0.06111111111111111
0 0.70546875 0.23472222222222225 0.0171875 0.030555555555555555
3 0.67109375 0.2569444444444444 0.0203125 0.04722222222222222
1 0.4953125 0.2638888888888889 0.03125 0.03333333333333333
2 0.55703125 0.2263888888888889 0.0171875 0.019444444444444445
0 0.7265625 0.16805555555555554 0.021875 0.036111111111111115
0 0.6140625 0.16111111111111112 0.021875 0.022222222222222227
