1 0.2921875 0.4930555555555556 0.05 0.08055555555555556
1 0.37265625 0.375 0.0421875 0.06111111111111111
1 0.47734375 0.27361111111111114 0.0390625 0.05833333333333333
2 0.68515625 0.325 0.0296875 0.06666666666666668
0 0.47890625 0.3527777777777778 0.0359375 0.04444444444444445
0 0.225 0.6444444444444445 0.078125 0.07777777777777778
0 0.42109375 0.3680555555555556 0.0359375 0.052777777777777785
0 0.71328125 0.20694444444444446 0.0171875 0.025
1 0.74375 0.22083333333333333 0.03125 0.06944444444444445
1 0.74765625 0.1625 0.0265625 0.04166666666666666
2 0.70234375 0.2458333333333333 0.0203125 0.04166666666666666
2 0.57578125 0.2125 0.0234375 0.030555555555555555
0 0.63515625 0.175 0.0171875 0.022222222222222227
1 0.57890625 0.175 0.0234375 0.03333333333333333
1 0.60703125 0.17777777777777778 0.0171875 0.03888888888888889
