1 0.7375 0.3958333333333333 0.040625 0.11388888888888887
1 0.74296875 0.25416666666666665 0.0328125 0.10277777777777776
1 0.3515625 0.3611111111111111 0.071875 0.08333333333333333
1 0.5484375 0.2125 0.021875 0.04722222222222222
0 0.446875 0.9222222222222224 0.096875 0.15555555555555556
0 0.640625 0.5416666666666666 0.05 0.1
0 0.1921875 0.6027777777777777 0.06875 0.06666666666666668
0 0.57890625 0.20833333333333331 0.0171875 0.03333333333333333
0 0.5875 0.18472222222222226 0.01875 0.025
3 0.715625 0.175 0.015625 0.027777777777777776
2 0.74765625 0.18611111111111112 0.0171875 0.03333333333333333
2 0.52109375 0.2638888888888889 0.0359375 0.05555555555555555
