3 0.53515625 0.6652777777777777 0.0390625 0.10277777777777776
1 0.6671875 0.6791666666666667 0.071875 0.30277777777777776
1 0.7546875 0.2305555555555556 0.025 0.05555555555555555
1 0.4296875 0.3138888888888889 0.03125 0.05555555555555555
1 0.27265625 0.4902777777777778 0.0734375 0.10833333333333334
1 0.0671875 0.6666666666666666 0.059375 0.07222222222222223
0 0.49453125 0.2180555555555556 0.0140625 0.030555555555555555
3 0.46484375 0.2361111111111111 0.0140625 0.027777777777777776
0 0.74921875 0.16666666666666666 0.0234375 0.027777777777777776
0 0.62578125 0.1625 0.0109375 0.019444444444444445
1 0.6078125 0.16527777777777775 0.009375 0.030555555555555555
