3 0.59609375 0.5333333333333333 0.0265625 0.08333333333333333
3 0.71796875 0.2777777777777778 0.0171875 0.04444444444444445
0 0.6140625 0.35694444444444445 0.04375 0.08055555555555556
0 0.10234375 0.7666666666666667 0.0984375 0.07777777777777778
0 0.01953125 0.6736111111111112 0.0390625 0.05833333333333333
0 0.69375 0.17916666666666667 0.015625 0.030555555555555555
0 0.72578125 0.175 0.0109375 0.022222222222222227
0 0.746875 0.15833333333333333 0.01875 0.027777777777777776
0 0.62421875 0.19722222222222224 0.0234375 0.022222222222222227
1 0.55078125 0.20694444444444446 0.0359375 0.04722222222222222
4 0.62578125 0.1597222222222222 0.0234375 0.04166666666666666
0 0.46875 0.25416666666666665 0.028125 0.030555555555555555
