1 0.66953125 0.6361111111111111 0.1265625 0.35
1 0.74765625 0.2416666666666667 0.0265625 0.06111111111111111
1 0.71171875 0.2222222222222222 0.0234375 0.05555555555555555
0 0.66640625 0.25 0.0265625 0.03333333333333333
0 0.7515625 0.19722222222222224 0.015625 0.03888888888888889
0 0.74375 0.16666666666666666 0.01875 0.027777777777777776
1 0.5046875 0.25277777777777777 0.040625 0.05555555555555555
0 0.6 0.18611111111111112 0.01875 0.03333333333333333
0 0.45234375 0.26666666666666666 0.0171875 0.022222222222222227
0 0.5140625 0.20555555555555555 0.021875 0.03333333333333333
