0 0.66953125 0.35694444444444445 0.0359375 0.05833333333333333
0 0.23984375 0.55 0.0578125 0.06666666666666668
1 0.74765625 0.2361111111111111 0.0296875 0.06666666666666668
1 0.4625 0.2805555555555556 0.040625 0.06111111111111111
0 0.309375 0.3902777777777778 0.0375 0.04722222222222222
0 0.53671875 0.2611111111111111 0.0265625 0.027777777777777776
0 0.5734375 0.22361111111111112 0.01875 0.030555555555555555
0 0.6984375 0.16944444444444445 0.0125 0.022222222222222227
0 0.60703125 0.19166666666666668 0.0203125 0.022222222222222227
0 0.5109375 0.20416666666666666 0.01875 0.025
