0 0.3203125 0.3861111111111111 0.046875 0.06111111111111111
0 0.67265625 0.24027777777777776 0.0296875 0.04722222222222222
0 0.74609375 0.25 0.0265625 0.04444444444444445
0 0.73203125 0.20555555555555555 0.0234375 0.03888888888888889
1 0.74765625 0.1625 0.0203125 0.030555555555555555
1 0.49375 0.2611111111111111 0.03125 0.03888888888888889
1 0.57578125 0.19027777777777774 0.0328125 0.04166666666666666
0 0.628125 0.1638888888888889 0.01875 0.022222222222222227
0 0.51953125 0.19722222222222224 0.0171875 0.027777777777777776
1 0.74296875 0.13333333333333333 0.0140625 0.03333333333333333
