2 0.70390625 0.5694444444444444 0.0578125 0.17222222222222222
0 0.4 0.4055555555555556 0.03125 0.05
1 0.48359375 0.30972222222222223 0.0390625 0.05833333333333333
1 0.43828125 0.3111111111111111 0.0328125 0.07222222222222223
1 0.52265625 0.24305555555555555 0.0265625 0.04722222222222222
1 0.56328125 0.22083333333333333 0.0328125 0.052777777777777785
2 0.75078125 0.17083333333333334 0.0171875 0.036111111111111115
0 0.690625 0.19444444444444445 0.0125 0.03888888888888889
0 0.7234375 0.18611111111111112 0.021875 0.027777777777777776
0 0.6078125 0.2152777777777778 0.015625 0.030555555555555555
0 0.6421875 0.175 0.015625 0.022222222222222227
0 0.65625 0.1527777777777778 0.0125 0.022222222222222227
0 0.63203125 0.1597222222222222 0.0171875 0.019444444444444445
