2 0.63984375 0.4138888888888889 0.0453125 0.08333333333333333
1 0.4328125 0.3083333333333333 0.05 0.08333333333333333
3 0.40859375 0.3861111111111111 0.0234375 0.05555555555555555
0 0.32578125 0.36666666666666653 0.0265625 0.05
3 0.2859375 0.9555555555555556 0.046875 0.08888888888888889
0 0.534375 0.25833333333333336 0.028125 0.03333333333333333
0 0.5859375 0.2111111111111111 0.015625 0.03333333333333333
0 0.71953125 0.18194444444444444 0.0140625 0.019444444444444445
1 0.75 0.16527777777777775 0.01875 0.04722222222222222
0 0.52890625 0.18194444444444444 0.0203125 0.030555555555555555
1 0.58671875 0.18194444444444444 0.0171875 0.030555555555555555
