1 0.715625 0.6555555555555556 0.059375 0.13333333333333333
1 0.23515625 0.3902777777777778 0.0609375 0.125
1 0.5328125 0.21388888888888888 0.021875 0.09444444444444444
1 0.31875 0.20972222222222225 0.021875 0.052777777777777785
1 0.05234375 0.9305555555555556 0.0984375 0.13333333333333333
2 0.30546875 0.43333333333333335 0.0296875 0.06666666666666668
2 0.35234375 0.18888888888888888 0.0140625 0.03333333333333333
2 0.36171875 0.1625 0.0140625 0.025
0 0.37421875 0.33194444444444443 0.0234375 0.04166666666666666
0 0.55703125 0.4138888888888889 0.0265625 0.07222222222222223
0 0.48984375 0.3861111111111111 0.0265625 0.05
3 0.490625 0.30416666666666664 0.015625 0.04166666666666666
3 0.49375 0.15694444444444444 0.0125 0.030555555555555555
1 0.33984375 0.2625 0.0265625 0.04166666666666666
0 0.48359375 0.17777777777777778 0.0265625 0.03333333333333333
0 0.471875 0.15 0.01875 0.027777777777777776
0 0.38515625 0.15555555555555556 0.0078125 0.022222222222222227
0 0.33828125 0.14444444444444446 0.0140625 0.027777777777777776
