0 0.571875 0.8152777777777778 0.06875 0.16944444444444445
0 0.2984375 0.7569444444444444 0.059375 0.14166666666666666
0 0.61640625 0.5708333333333333 0.0546875 0.11944444444444445
0 0.5015625 0.4194444444444445 0.0375 0.08333333333333333
2 0.559375 0.4222222222222222 0.040625 0.08333333333333333
1 0.53203125 0.1986111111111111 0.0453125 0.06944444444444445
3 0.48203125 0.26805555555555555 0.0203125 0.04166666666666666
0 0.38359375 0.2361111111111111 0.0265625 0.03888888888888889
0 0.35390625 0.17916666666666667 0.0140625 0.025
1 0.38125 0.17222222222222222 0.015625 0.04444444444444445
0 0.496875 0.2180555555555556 0.021875 0.030555555555555555
0 0.52265625 0.2805555555555556 0.0265625 0.03333333333333333
0 0.47734375 0.15833333333333333 0.0203125 0.022222222222222227
2 0.47578125 0.12361111111111113 0.0140625 0.025
0 0.453125 0.125 0.021875 0.022222222222222227
