3 0.5671875 0.7486111111111111 0.03125 0.09722222222222222
2 0.6921875 0.8486111111111111 0.075 0.2305555555555556
1 0.32890625 0.17083333333333334 0.0203125 0.05833333333333333
1 0.35546875 0.21666666666666667 0.0171875 0.05555555555555555
1 0.48359375 0.125 0.0171875 0.03888888888888889
3 0.47109375 0.2305555555555556 0.0140625 0.027777777777777776
3 0.51015625 0.25 0.0296875 0.04444444444444445
3 0.30625 0.4 0.021875 0.06111111111111111
3 0.2421875 0.4222222222222222 0.03125 0.06111111111111111
3 0.25078125 0.6097222222222223 0.0328125 0.10277777777777776
3 0.45625 0.175 0.01875 0.022222222222222227
2 0.3390625 0.2638888888888889 0.025 0.04444444444444445
0 0.4625 0.1486111111111111 0.015625 0.030555555555555555
1 0.3359375 0.13333333333333333 0.021875 0.022222222222222227
