2 0.57265625 0.3638888888888889 0.0390625 0.09444444444444444
0 0.49296875 0.3625 0.0296875 0.06388888888888887
1 0.21796875 0.5 0.0359375 0.11666666666666667
1 0.315625 0.35 0.034375 0.05555555555555555
1 0.32109375 0.20694444444444446 0.0296875 0.06388888888888887
1 0.509375 0.17916666666666667 0.01875 0.04166666666666666
1 0.3578125 0.1930555555555556 0.021875 0.04722222222222222
0 0.3796875 0.14027777777777778 0.015625 0.013888888888888888
0 0.3359375 0.15138888888888888 0.01875 0.013888888888888888
0 0.35859375 0.14166666666666666 0.0140625 0.022222222222222227
3 0.30078125 0.2652777777777778 0.0109375 0.04166666666666666
3 0.50859375 0.22777777777777775 0.0140625 0.027777777777777776
