1 0.7234375 0.6861111111111111 0.075 0.2111111111111111
0 0.53828125 0.6541666666666667 0.0609375 0.11388888888888887
0 0.5 0.37083333333333335 0.0375 0.075
0 0.38125 0.1527777777777778 0.01875 0.03333333333333333
0 0.45703125 0.12083333333333332 0.0140625 0.025
2 0.5078125 0.2152777777777778 0.025 0.052777777777777785
1 0.59140625 0.3194444444444444 0.0515625 0.08888888888888889
1 0.275 0.31805555555555554 0.0375 0.08611111111111111
1 0.30703125 0.2333333333333333 0.0265625 0.07222222222222223
2 0.2859375 0.4666666666666667 0.04375 0.07777777777777778
2 0.57578125 0.4513888888888889 0.0484375 0.10277777777777776
1 0.33515625 0.10833333333333334 0.0140625 0.03333333333333333
1 0.35546875 0.1111111111111111 0.0140625 0.027777777777777776
0 0.334375 0.14166666666666666 0.0125 0.027777777777777776
2 0.48046875 0.11944444444444445 0.0140625 0.03333333333333333
