1 0.55859375 0.4180555555555556 0.0421875 0.10277777777777776
0 0.534375 0.30972222222222223 0.028125 0.06388888888888887
3 0.496875 0.38472222222222224 0.021875 0.06388888888888887
0 0.30859375 0.42916666666666653 0.0390625 0.05833333333333333
0 0.37578125 0.36527777777777776 0.0296875 0.05833333333333333
0 0.3875 0.20555555555555555 0.01875 0.04444444444444445
4 0.17265625 0.6069444444444444 0.0796875 0.19166666666666668
0 0.3328125 0.18611111111111112 0.021875 0.022222222222222227
0 0.3671875 0.15555555555555556 0.0125 0.027777777777777776
0 0.3390625 0.1527777777777778 0.0125 0.016666666666666666
