1 0.0640625 0.8916666666666667 0.109375 0.21666666666666667
1 0.50625 0.15416666666666667 0.034375 0.06944444444444445
1 0.334375 0.16805555555555554 0.021875 0.052777777777777785
3 0.61953125 0.4652777777777778 0.0234375 0.05833333333333333
3 0.5375 0.4569444444444444 0.021875 0.06388888888888887
3 0.29296875 0.4597222222222222 0.0234375 0.052777777777777785
0 0.49609375 0.4013888888888889 0.0328125 0.075
0 0.53828125 0.6875 0.0703125 0.125
0 0.63984375 0.7138888888888889 0.0671875 0.12222222222222222
0 0.52578125 0.29444444444444445 0.0359375 0.05555555555555555
0 0.46796875 0.23472222222222225 0.0234375 0.04722222222222222
2 0.503125 0.2180555555555556 0.03125 0.04722222222222222
2 0.3515625 0.22361111111111112 0.021875 0.052777777777777785
2 0.30703125 0.26666666666666666 0.0265625 0.04444444444444445
0 0.378125 0.12916666666666668 0.015625 0.025
0 0.3578125 0.125 0.01875 0.016666666666666666
2 0.74765625 0.7291666666666666 0.0734375 0.175
0 0.5703125 0.475 0.04375 0.08888888888888889
