2 0.5328125 0.32083333333333336 0.03125 0.06388888888888887
0 0.47421875 0.25972222222222224 0.0328125 0.04166666666666666
0 0.49140625 0.20416666666666666 0.0171875 0.04166666666666666
0 0.4984375 0.1597222222222222 0.0125 0.025
0 0.290625 0.3013888888888889 0.01875 0.04166666666666666
0 0.3484375 0.2416666666666667 0.01875 0.03333333333333333
0 0.384375 0.25416666666666665 0.015625 0.030555555555555555
1 0.31796875 0.2222222222222222 0.0171875 0.05
1 0.196875 0.5569444444444445 0.0375 0.10833333333333334
3 0.3828125 0.1625 0.009375 0.030555555555555555
0 0.3640625 0.15833333333333333 0.015625 0.03333333333333333
