0 0.56640625 0.8625 0.0796875 0.20833333333333331
0 0.32421875 0.35 0.0296875 0.05
0 0.48984375 0.3055555555555556 0.0234375 0.03888888888888889
2 0.51875 0.2638888888888889 0.021875 0.04444444444444445
2 0.5484375 0.3805555555555555 0.0375 0.07777777777777778
2 0.2421875 0.4069444444444445 0.03125 0.075
1 0.334375 0.1625 0.028125 0.05833333333333333
1 0.52734375 0.20694444444444446 0.0453125 0.05833333333333333
1 0.61484375 0.38472222222222224 0.0703125 0.08611111111111111
1 0.28984375 0.2652777777777778 0.0421875 0.08055555555555556
1 0.671875 0.8166666666666667 0.0875 0.20555555555555555
1 0.50703125 0.1638888888888889 0.0234375 0.03333333333333333
3 0.3828125 0.16527777777777775 0.0125 0.04166666666666666
0 0.4796875 0.16527777777777775 0.021875 0.04166666666666666
0 0.45390625 0.1597222222222222 0.0171875 0.04722222222222222
