3 0.671875 0.7486111111111111 0.034375 0.11388888888888887
1 0.78671875 0.8111111111111111 0.1265625 0.3
0 0.575 0.8972222222222223 0.08125 0.20555555555555555
0 0.6125 0.4041666666666667 0.040625 0.08055555555555556
0 0.49140625 0.3611111111111111 0.0265625 0.05555555555555555
1 0.5359375 0.31527777777777777 0.05 0.08055555555555556
1 0.54375 0.2152777777777778 0.046875 0.08611111111111111
0 0.29609375 0.2777777777777778 0.0296875 0.05555555555555555
0 0.4578125 0.1875 0.01875 0.030555555555555555
1 0.48203125 0.18055555555555555 0.0296875 0.03333333333333333
1 0.3265625 0.20972222222222225 0.025 0.030555555555555555
