1 0.79921875 0.8236111111111111 0.1328125 0.3416666666666667
1 0.59375 0.3236111111111111 0.059375 0.10833333333333334
1 0.21328125 0.7625 0.0640625 0.16944444444444445
1 0.4796875 0.15694444444444444 0.021875 0.04166666666666666
3 0.496875 0.23194444444444445 0.01875 0.036111111111111115
3 0.5125 0.19166666666666668 0.01875 0.03333333333333333
0 0.371875 0.2638888888888889 0.025 0.03888888888888889
0 0.46015625 0.19027777777777774 0.0140625 0.036111111111111115
0 0.384375 0.1597222222222222 0.01875 0.013888888888888888
0 0.334375 0.14444444444444446 0.015625 0.022222222222222227
0 0.35703125 0.11666666666666667 0.0140625 0.016666666666666666
