1 0.63828125 0.6486111111111111 0.0640625 0.19166666666666668
1 0.6265625 0.3902777777777778 0.065625 0.15833333333333333
1 0.51953125 0.2652777777777778 0.0171875 0.04722222222222222
1 0.5171875 0.16805555555555554 0.025 0.052777777777777785
1 0.3140625 0.20833333333333331 0.028125 0.05555555555555555
0 0.1875 0.5666666666666667 0.0375 0.08333333333333333
0 0.20390625 0.7805555555555556 0.0453125 0.13333333333333333
2 0.28203125 0.3236111111111111 0.0296875 0.05833333333333333
2 0.3203125 0.3486111111111111 0.028125 0.05833333333333333
3 0.46171875 0.22777777777777775 0.0140625 0.03333333333333333
3 0.45390625 0.1763888888888889 0.0203125 0.025
0 0.384375 0.2375 0.01875 0.04166666666666666
0 0.35 0.2222222222222222 0.015625 0.04444444444444445
0 0.5 0.2305555555555556 0.0125 0.03888888888888889
0 0.47109375 0.15138888888888888 0.0140625 0.036111111111111115
1 0.33125 0.1736111111111111 0.021875 0.019444444444444445
0 0.384375 0.13472222222222222 0.025 0.019444444444444445
0 0.36015625 0.14444444444444446 0.0234375 0.03333333333333333
