3 0.20703125 0.4819444444444445 0.0265625 0.05833333333333333
3 0.50625 0.2361111111111111 0.015625 0.03333333333333333
0 0.5484375 0.6388888888888888 0.053125 0.1388888888888889
1 0.5765625 0.4513888888888889 0.053125 0.09166666666666666
0 0.525 0.2847222222222222 0.021875 0.04166666666666666
1 0.3203125 0.32916666666666666 0.01875 0.06944444444444445
1 0.3515625 0.21944444444444444 0.028125 0.06111111111111111
1 0.54296875 0.2361111111111111 0.0390625 0.05555555555555555
1 0.4953125 0.15 0.025 0.03333333333333333
2 0.46875 0.14583333333333334 0.01875 0.030555555555555555
0 0.384375 0.24027777777777776 0.025 0.030555555555555555
1 0.35703125 0.14722222222222225 0.0140625 0.027777777777777776
