2 0.60546875 0.3875 0.0359375 0.09166666666666666
1 0.5359375 0.30972222222222223 0.03125 0.06388888888888887
1 0.08359375 0.8791666666666667 0.0765625 0.18055555555555555
1 0.32265625 0.20694444444444446 0.0140625 0.052777777777777785
0 0.49921875 0.4375 0.0328125 0.06944444444444445
0 0.5703125 0.4555555555555556 0.04375 0.1111111111111111
3 0.51953125 0.3805555555555555 0.0234375 0.04444444444444445
2 0.475 0.15833333333333333 0.01875 0.027777777777777776
0 0.5 0.1527777777777778 0.021875 0.022222222222222227
1 0.475 0.11666666666666667 0.015625 0.03333333333333333
0 0.45234375 0.11527777777777777 0.0203125 0.036111111111111115
