0 0.365625 0.10138888888888888 0.015625 0.019444444444444445
0 0.33828125 0.10555555555555557 0.0109375 0.016666666666666666
0 0.33203125 0.16944444444444445 0.0203125 0.027777777777777776
0 0.36015625 0.1486111111111111 0.0140625 0.025
0 0.36015625 0.19722222222222224 0.0234375 0.022222222222222227
0 0.38984375 0.18333333333333326 0.0171875 0.022222222222222227
0 0.38359375 0.12777777777777774 0.0140625 0.016666666666666666
0 0.38984375 0.25972222222222224 0.0234375 0.030555555555555555
0 0.34921875 0.2486111111111111 0.0265625 0.036111111111111115
2 0.3140625 0.36666666666666653 0.034375 0.05555555555555555
0 0.2671875 0.5402777777777777 0.040625 0.10277777777777776
1 0.1828125 0.575 0.0625 0.16666666666666666
0 0.53671875 0.3333333333333333 0.0390625 0.06666666666666668
3 0.6234375 0.3736111111111111 0.01875 0.04166666666666666
3 0.478125 0.26805555555555555 0.015625 0.036111111111111115
0 0.496875 0.22916666666666666 0.021875 0.04722222222222222
0 0.4640625 0.2125 0.025 0.04722222222222222
0 0.51015625 0.18194444444444444 0.0265625 0.025
3 0.46796875 0.1763888888888889 0.0109375 0.030555555555555555
