0 0.1515625 0.7305555555555555 0.053125 0.13333333333333333
0 0.48828125 0.32083333333333336 0.0296875 0.06944444444444445
0 0.4734375 0.2361111111111111 0.021875 0.03888888888888889
0 0.51328125 0.2222222222222222 0.0234375 0.04444444444444445
0 0.31484375 0.2458333333333333 0.0234375 0.04722222222222222
3 0.34609375 0.11944444444444445 0.0078125 0.027777777777777776
1 0.5734375 0.2902777777777778 0.046875 0.06388888888888887
1 0.70078125 0.6 0.0765625 0.2
1 0.33515625 0.175 0.0171875 0.03333333333333333
0 0.47890625 0.16805555555555554 0.0140625 0.030555555555555555
