4 0.77265625 0.7652777777777777 0.1234375 0.25277777777777777
0 0.19921875 0.7986111111111112 0.0546875 0.1361111111111111
0 0.2828125 0.4930555555555556 0.03125 0.08055555555555556
2 0.3078125 0.2375 0.025 0.052777777777777785
0 0.3609375 0.19722222222222224 0.01875 0.027777777777777776
0 0.38125 0.175 0.015625 0.022222222222222227
0 0.4609375 0.19166666666666668 0.01875 0.03333333333333333
1 0.32890625 0.18472222222222226 0.0296875 0.030555555555555555
0 0.378125 0.14722222222222225 0.01875 0.022222222222222227
0 0.375 0.11805555555555555 0.015625 0.025
3 0.35703125 0.12777777777777774 0.0109375 0.016666666666666666
1 0.3390625 0.13472222222222222 0.015625 0.025
1 0.46796875 0.12916666666666668 0.0234375 0.030555555555555555
