0 0.53046875 0.5583333333333333 0.0484375 0.11666666666666667
1 0.64453125 0.4569444444444444 0.0609375 0.15833333333333333
1 0.87109375 0.9458333333333332 0.1109375 0.10833333333333334
1 0.5625 0.2625 0.028125 0.06388888888888887
2 0.5203125 0.2833333333333333 0.0375 0.06111111111111111
0 0.475 0.24444444444444444 0.028125 0.03888888888888889
0 0.49453125 0.19583333333333333 0.0265625 0.036111111111111115
0 0.4609375 0.19444444444444445 0.01875 0.027777777777777776
2 0.33046875 0.18194444444444444 0.0140625 0.030555555555555555
2 0.3828125 0.16666666666666666 0.015625 0.03333333333333333
4 0.33828125 0.10416666666666667 0.0171875 0.030555555555555555
1 0.459375 0.13194444444444445 0.01875 0.025
2 0.44765625 0.11666666666666667 0.0140625 0.027777777777777776
1 0.48125 0.12083333333333332 0.01875 0.036111111111111115
