0 0.30546875 0.9458333333333332 0.0703125 0.10833333333333334
0 0.4796875 0.2652777777777778 0.028125 0.052777777777777785
0 0.465625 0.19722222222222224 0.021875 0.027777777777777776
0 0.4734375 0.1638888888888889 0.021875 0.022222222222222227
1 0.35078125 0.21388888888888888 0.0296875 0.03888888888888889
2 0.5015625 0.2125 0.01875 0.036111111111111115
3 0.3734375 0.28194444444444444 0.015625 0.052777777777777785
0 0.38203125 0.14444444444444446 0.0171875 0.022222222222222227
0 0.44609375 0.12777777777777774 0.0234375 0.022222222222222227
1 0.17265625 0.9472222222222222 0.0578125 0.10555555555555557
