0 0.5234375 0.6 0.05625 0.12777777777777774
1 0.6515625 0.4944444444444445 0.05 0.12777777777777774
1 0.2921875 0.4236111111111111 0.05625 0.09722222222222222
1 0.2953125 0.2833333333333333 0.040625 0.08333333333333333
1 0.21953125 0.4680555555555556 0.0453125 0.09166666666666666
2 0.5390625 0.33194444444444443 0.0375 0.04722222222222222
1 0.50703125 0.2361111111111111 0.0265625 0.05
0 0.46484375 0.18194444444444444 0.0234375 0.025
0 0.46640625 0.21944444444444444 0.0296875 0.03333333333333333
0 0.5 0.17083333333333334 0.021875 0.04166666666666666
0 0.38125 0.19166666666666668 0.015625 0.027777777777777776
0 0.3765625 0.14444444444444446 0.021875 0.027777777777777776
3 0.4875 0.2638888888888889 0.021875 0.03333333333333333
1 0.4875 0.13194444444444445 0.028125 0.04722222222222222
0 0.4515625 0.11944444444444445 0.0125 0.027777777777777776
3 0.6484375 0.9527777777777776 0.040625 0.09444444444444444
