1 0.11171875 0.7875 0.0890625 0.2972222222222222
0 0.271875 0.5777777777777777 0.04375 0.08333333333333333
0 0.59609375 0.5236111111111111 0.0546875 0.11388888888888887
0 0.52578125 0.5416666666666666 0.0453125 0.09444444444444444
0 0.37890625 0.2652777777777778 0.0203125 0.052777777777777785
0 0.45390625 0.1875 0.0140625 0.04166666666666666
1 0.52890625 0.20555555555555555 0.0359375 0.05555555555555555
3 0.2921875 0.3138888888888889 0.015625 0.04444444444444445
0 0.36015625 0.17083333333333334 0.0203125 0.030555555555555555
1 0.33046875 0.16805555555555554 0.0203125 0.052777777777777785
