0 0.18515625 0.8819444444444444 0.0640625 0.175
0 0.49921875 0.33611111111111114 0.0265625 0.06666666666666668
0 0.4765625 0.2305555555555556 0.01875 0.03888888888888889
0 0.384375 0.2875 0.025 0.04166666666666666
0 0.3828125 0.18472222222222226 0.015625 0.025
0 0.46640625 0.2 0.0140625 0.016666666666666666
0 0.47421875 0.17916666666666667 0.0171875 0.030555555555555555
0 0.37578125 0.12916666666666668 0.0109375 0.025
1 0.315625 0.3472222222222222 0.03125 0.09444444444444444
1 0.4984375 0.14444444444444446 0.025 0.03333333333333333
1 0.46875 0.14166666666666666 0.028125 0.03888888888888889
4 0.19375 0.4944444444444445 0.08125 0.26666666666666666
