4 0.71328125 0.6069444444444444 0.1140625 0.225
1 0.31796875 0.19583333333333333 0.0234375 0.08055555555555556
1 0.14375 0.6611111111111111 0.0875 0.17777777777777778
0 0.2328125 0.7513888888888889 0.05 0.14722222222222225
0 0.51484375 0.5847222222222223 0.0609375 0.11388888888888887
1 0.61796875 0.5944444444444444 0.0546875 0.15
2 0.5640625 0.2888888888888889 0.034375 0.05555555555555555
2 0.51171875 0.25416666666666665 0.0265625 0.052777777777777785
0 0.48359375 0.32083333333333336 0.0265625 0.052777777777777785
0 0.46875 0.24027777777777776 0.034375 0.04166666666666666
0 0.34375 0.2652777777777778 0.025 0.04166666666666666
0 0.30390625 0.25833333333333336 0.0203125 0.03888888888888889
1 0.27109375 0.33611111111111114 0.0296875 0.06666666666666668
0 0.47109375 0.1527777777777778 0.0234375 0.027777777777777776
1 0.3359375 0.11666666666666667 0.01875 0.03888888888888889
1 0.4828125 0.12361111111111113 0.021875 0.04166666666666666
0 0.359375 0.1527777777777778 0.021875 0.027777777777777776
0 0.45703125 0.10416666666666667 0.0171875 0.030555555555555555
0 0.3765625 0.12361111111111113 0.015625 0.019444444444444445
