0 0.62421875 0.6069444444444444 0.0640625 0.13055555555555556
0 0.290625 0.4944444444444445 0.028125 0.07777777777777778
0 0.22734375 0.4875 0.0328125 0.075
0 0.34921875 0.2569444444444444 0.0234375 0.04166666666666666
0 0.38125 0.225 0.01875 0.04444444444444445
0 0.321875 0.2152777777777778 0.015625 0.025
0 0.45703125 0.18888888888888888 0.0203125 0.027777777777777776
0 0.359375 0.17083333333333334 0.0125 0.025
0 0.38515625 0.1638888888888889 0.0171875 0.027777777777777776
0 0.38359375 0.13472222222222222 0.0109375 0.019444444444444445
2 0.359375 0.14722222222222225 0.015625 0.04444444444444445
1 0.33828125 0.14305555555555555 0.0171875 0.030555555555555555
1 0.49375 0.12916666666666668 0.025 0.052777777777777785
0 0.4625 0.14027777777777778 0.01875 0.019444444444444445
