1 0.65703125 0.4847222222222222 0.1140625 0.2361111111111111
0 0.55078125 0.375 0.0359375 0.08888888888888889
0 0.52109375 0.5555555555555556 0.0546875 0.10555555555555557
0 0.334375 0.6486111111111111 0.04375 0.08055555555555556
0 0.478125 0.26944444444444443 0.034375 0.04444444444444445
3 0.49921875 0.25277777777777777 0.0203125 0.03888888888888889
1 0.1828125 0.5861111111111111 0.0625 0.15555555555555556
0 0.31875 0.3513888888888889 0.0375 0.06388888888888887
3 0.35859375 0.3013888888888889 0.0140625 0.04166666666666666
0 0.38359375 0.2388888888888889 0.0234375 0.03888888888888889
1 0.34296875 0.25 0.0171875 0.03888888888888889
0 0.4671875 0.2152777777777778 0.015625 0.030555555555555555
0 0.384375 0.19027777777777774 0.01875 0.025
0 0.340625 0.17222222222222222 0.009375 0.016666666666666666
2 0.45625 0.1527777777777778 0.01875 0.03333333333333333
2 0.4671875 0.14305555555555555 0.021875 0.04166666666666666
2 0.35859375 0.1638888888888889 0.0171875 0.027777777777777776
1 0.33359375 0.15138888888888888 0.0203125 0.030555555555555555
