0 0.63515625 0.6930555555555555 0.0609375 0.125
0 0.5109375 0.5138888888888888 0.046875 0.11666666666666667
0 0.27734375 0.4708333333333333 0.0390625 0.06944444444444445
3 0.365625 0.2833333333333333 0.01875 0.06111111111111111
3 0.50703125 0.3194444444444444 0.0234375 0.06666666666666668
3 0.4671875 0.14444444444444446 0.0125 0.027777777777777776
0 0.46171875 0.19722222222222224 0.0265625 0.03888888888888889
0 0.3828125 0.14722222222222225 0.021875 0.027777777777777776
1 0.359375 0.13472222222222222 0.021875 0.04722222222222222
1 0.33984375 0.14027777777777778 0.0171875 0.04166666666666666
0 0.3328125 0.18611111111111112 0.021875 0.03333333333333333
2 0.58984375 0.4763888888888889 0.0484375 0.10277777777777776
