1 0.10703125 0.7708333333333334 0.1046875 0.275
1 0.64921875 0.4791666666666667 0.0484375 0.10833333333333334
0 0.58671875 0.5208333333333334 0.0453125 0.09166666666666666
0 0.534375 0.6111111111111112 0.05 0.1
0 0.534375 0.32222222222222224 0.03125 0.04444444444444445
0 0.47265625 0.25416666666666665 0.0234375 0.05833333333333333
0 0.28671875 0.4805555555555556 0.0296875 0.06666666666666668
1 0.290625 0.29444444444444445 0.025 0.06111111111111111
1 0.33671875 0.12777777777777774 0.0171875 0.027777777777777776
1 0.32578125 0.19027777777777774 0.0171875 0.052777777777777785
3 0.34453125 0.23194444444444445 0.0140625 0.036111111111111115
3 0.47109375 0.2125 0.0109375 0.04722222222222222
0 0.4921875 0.19027777777777774 0.01875 0.036111111111111115
0 0.35703125 0.17083333333333334 0.0171875 0.025
0 0.4609375 0.14027777777777778 0.0125 0.025
3 0.37734375 0.13055555555555556 0.0140625 0.022222222222222227
0 0.7375 0.95 0.0875 0.1
0 0.19140625 0.9527777777777776 0.0796875 0.08888888888888889
