1 0.69765625 0.5791666666666667 0.0890625 0.2416666666666667
1 0.553125 0.2458333333333333 0.028125 0.075
1 0.48203125 0.1736111111111111 0.0140625 0.075
1 0.509375 0.1625 0.025 0.06388888888888887
3 0.48203125 0.2388888888888889 0.0171875 0.03888888888888889
0 0.37734375 0.2333333333333333 0.0203125 0.05555555555555555
1 0.31640625 0.22083333333333333 0.0140625 0.04166666666666666
1 0.33515625 0.16527777777777775 0.0171875 0.030555555555555555
0 0.38046875 0.1361111111111111 0.0140625 0.022222222222222227
0 0.475 0.11805555555555555 0.021875 0.019444444444444445
