0 0.51875 0.5833333333333334 0.05 0.15
0 0.48515625 0.3375 0.0265625 0.052777777777777785
0 0.38203125 0.2777777777777778 0.0328125 0.03888888888888889
0 0.30703125 0.24722222222222226 0.0265625 0.03333333333333333
0 0.33515625 0.19027777777777774 0.0171875 0.025
2 0.50078125 0.21388888888888888 0.0203125 0.04444444444444445
2 0.48359375 0.17777777777777778 0.0171875 0.027777777777777776
2 0.22578125 0.6986111111111111 0.0578125 0.13055555555555556
1 0.50546875 0.1527777777777778 0.0296875 0.05
1 0.60703125 0.375 0.0609375 0.11666666666666667
1 0.46484375 0.14305555555555555 0.0140625 0.025
1 0.4578125 0.09722222222222222 0.009375 0.027777777777777776
1 0.85078125 0.9277777777777778 0.1078125 0.14444444444444446
3 0.38046875 0.16111111111111112 0.0140625 0.03888888888888889
0 0.35703125 0.1361111111111111 0.0140625 0.027777777777777776
1 0.33515625 0.14027777777777778 0.0203125 0.019444444444444445
