0 0.59453125 0.575 0.0609375 0.11666666666666667
1 0.6703125 0.5152777777777777 0.0625 0.13055555555555556
4 0.3 0.36527777777777776 0.065625 0.20277777777777775
0 0.36953125 0.35 0.0359375 0.04444444444444445
0 0.3765625 0.2458333333333333 0.028125 0.04166666666666666
0 0.24921875 0.5861111111111111 0.0515625 0.11666666666666667
0 0.321875 0.7819444444444444 0.059375 0.14166666666666666
0 0.2015625 0.9319444444444444 0.090625 0.1361111111111111
0 0.34375 0.13333333333333333 0.01875 0.027777777777777776
0 0.3765625 0.12638888888888888 0.015625 0.025
0 0.4796875 0.12916666666666668 0.01875 0.030555555555555555
0 0.3578125 0.11527777777777777 0.01875 0.04166666666666666
1 0.046875 0.9361111111111112 0.09375 0.12777777777777774
