3 0.6515625 0.7125 0.034375 0.10833333333333334
0 0.57265625 0.9319444444444444 0.0734375 0.1361111111111111
0 0.3296875 0.6472222222222223 0.05 0.11666666666666667
0 0.51328125 0.4819444444444445 0.0453125 0.09166666666666666
0 0.540625 0.3597222222222222 0.034375 0.09166666666666666
0 0.4828125 0.3194444444444444 0.034375 0.05
0 0.54921875 0.2569444444444444 0.0296875 0.04166666666666666
0 0.28125 0.30972222222222223 0.025 0.04722222222222222
0 0.51015625 0.25277777777777777 0.0265625 0.04444444444444445
0 0.46328125 0.20972222222222225 0.0171875 0.025
0 0.37890625 0.2263888888888889 0.0203125 0.030555555555555555
1 0.51953125 0.19027777777777774 0.0203125 0.04166666666666666
1 0.30078125 0.4152777777777778 0.0359375 0.08611111111111111
1 0.3078125 0.23194444444444445 0.028125 0.06944444444444445
1 0.32578125 0.1986111111111111 0.0234375 0.04722222222222222
0 0.3609375 0.15694444444444444 0.021875 0.04166666666666666
0 0.47578125 0.1736111111111111 0.0203125 0.030555555555555555
2 0.2015625 0.5055555555555555 0.05625 0.09444444444444444
2 0.665625 0.5305555555555556 0.053125 0.1
4 0.61328125 0.36666666666666653 0.0671875 0.15
1 0.3328125 0.14166666666666666 0.015625 0.03888888888888889
