0 0.55078125 0.7222222222222222 0.0578125 0.15555555555555556
0 0.6140625 0.6097222222222223 0.059375 0.11388888888888887
0 0.47890625 0.2805555555555556 0.0234375 0.05555555555555555
2 0.32734375 0.30277777777777776 0.0328125 0.06111111111111111
0 0.33125 0.4430555555555555 0.028125 0.05833333333333333
1 0.325 0.19722222222222224 0.021875 0.03888888888888889
1 0.50234375 0.16805555555555554 0.0234375 0.025
0 0.353125 0.175 0.015625 0.016666666666666666
0 0.48828125 0.14166666666666666 0.0203125 0.027777777777777776
0 0.3796875 0.1375 0.01875 0.019444444444444445
