0 0.55078125 0.7263888888888889 0.0359375 0.16944444444444445
0 0.321875 0.6430555555555556 0.040625 0.10833333333333334
2 0.6046875 0.5430555555555555 0.059375 0.125
0 0.5015625 0.4319444444444445 0.04375 0.08055555555555556
0 0.47421875 0.2875 0.0296875 0.052777777777777785
2 0.30234375 0.28194444444444444 0.0296875 0.052777777777777785
2 0.34765625 0.22083333333333333 0.0234375 0.06388888888888887
1 0.5125 0.16527777777777775 0.01875 0.04166666666666666
2 0.4859375 0.1930555555555556 0.01875 0.04722222222222222
0 0.45546875 0.18333333333333326 0.0140625 0.027777777777777776
0 0.46875 0.14444444444444446 0.01875 0.022222222222222227
0 0.378125 0.1361111111111111 0.015625 0.016666666666666666
1 0.32890625 0.1625 0.0171875 0.036111111111111115
0 0.35546875 0.11666666666666667 0.0140625 0.022222222222222227
0 0.44609375 0.11388888888888887 0.0140625 0.027777777777777776
