0 0.62578125 0.6069444444444444 0.0578125 0.13055555555555556
0 0.50078125 0.4097222222222222 0.0359375 0.052777777777777785
1 0.2328125 0.4222222222222222 0.059375 0.13333333333333333
3 0.29609375 0.6458333333333334 0.0265625 0.08055555555555556
3 0.34609375 0.2722222222222222 0.0171875 0.05
0 0.3125 0.23194444444444445 0.01875 0.04722222222222222
0 0.3578125 0.17916666666666667 0.01875 0.030555555555555555
0 0.334375 0.175 0.015625 0.027777777777777776
2 0.36015625 0.1388888888888889 0.0171875 0.027777777777777776
0 0.45703125 0.12777777777777774 0.0203125 0.027777777777777776
0 0.340625 0.1486111111111111 0.015625 0.025
