0 0.33046875 0.6777777777777778 0.0546875 0.12222222222222222
0 0.3265625 0.33611111111111114 0.028125 0.06666666666666668
0 0.38515625 0.30277777777777776 0.0234375 0.03888888888888889
0 0.51640625 0.22777777777777775 0.0234375 0.03888888888888889
0 0.3546875 0.2222222222222222 0.025 0.03888888888888889
0 0.38359375 0.2375 0.0234375 0.025
0 0.4546875 0.16666666666666666 0.01875 0.027777777777777776
0 0.46015625 0.1361111111111111 0.0171875 0.027777777777777776
0 0.38671875 0.14583333333333334 0.0171875 0.025
1 0.359375 0.13055555555555556 0.021875 0.03333333333333333
2 0.35078125 0.175 0.0171875 0.027777777777777776
0 0.33984375 0.13055555555555556 0.0109375 0.016666666666666666
