1 0.80390625 0.8319444444444445 0.1453125 0.30277777777777776
3 0.5421875 0.3680555555555556 0.040625 0.09166666666666666
3 0.48125 0.1736111111111111 0.025 0.04166666666666666
3 0.35390625 0.17083333333333334 0.0140625 0.04166666666666666
0 0.38046875 0.2375 0.0234375 0.036111111111111115
0 0.51484375 0.2652777777777778 0.0328125 0.04166666666666666
0 0.484375 0.2958333333333333 0.025 0.052777777777777785
0 0.27421875 0.37777777777777777 0.0296875 0.05555555555555555
3 0.33125 0.225 0.015625 0.027777777777777776
3 0.5 0.20555555555555555 0.009375 0.027777777777777776
2 0.49921875 0.14027777777777778 0.0234375 0.030555555555555555
0 0.35859375 0.11527777777777777 0.0140625 0.019444444444444445
0 0.44140625 0.10694444444444444 0.0140625 0.019444444444444445
