0 0.49140625 0.3388888888888889 0.0265625 0.07222222222222223
0 0.271875 0.3555555555555556 0.034375 0.05
0 0.33515625 0.27361111111111114 0.0234375 0.04166666666666666
0 0.37890625 0.2486111111111111 0.0171875 0.04166666666666666
0 0.31640625 0.2263888888888889 0.0140625 0.030555555555555555
0 0.3875 0.19166666666666668 0.01875 0.027777777777777776
0 0.37890625 0.1527777777777778 0.0203125 0.022222222222222227
0 0.35390625 0.16666666666666666 0.0171875 0.016666666666666666
0 0.32890625 0.17777777777777778 0.0203125 0.016666666666666666
1 0.2671875 0.5166666666666667 0.0375 0.12222222222222222
1 0.56796875 0.4430555555555555 0.0484375 0.09166666666666666
1 0.5375 0.2125 0.0375 0.08055555555555556
1 0.51953125 0.2611111111111111 0.0359375 0.04444444444444445
1 0.49765625 0.14444444444444446 0.0265625 0.05555555555555555
2 0.4765625 0.17222222222222222 0.021875 0.027777777777777776
2 0.35703125 0.18888888888888888 0.0171875 0.027777777777777776
1 0.334375 0.12916666666666668 0.021875 0.052777777777777785
0 0.35703125 0.12638888888888888 0.0109375 0.019444444444444445
