1 0.15078125 0.6166666666666667 0.0796875 0.15555555555555556
0 0.278125 0.5319444444444444 0.040625 0.08611111111111111
1 0.571875 0.2777777777777778 0.046875 0.09444444444444444
1 0.4828125 0.16666666666666666 0.03125 0.06666666666666668
1 0.309375 0.24722222222222226 0.025 0.04444444444444445
0 0.37265625 0.3069444444444445 0.0234375 0.04722222222222222
0 0.36796875 0.1597222222222222 0.0234375 0.04166666666666666
0 0.33671875 0.1388888888888889 0.0140625 0.027777777777777776
1 0.446875 0.09166666666666666 0.025 0.03333333333333333
0 0.35234375 0.1111111111111111 0.0140625 0.016666666666666666
