0 0.3078125 0.7583333333333333 0.040625 0.05833333333333333
0 0.9046875 0.8895833333333333 0.071875 0.10416666666666667
0 0.8609375 0.7 0.034375 0.05
2 0.7796875 0.7208333333333333 0.034375 0.05
2 0.7875 0.8916666666666667 0.05625 0.125
2 0.0625 0.8854166666666666 0.1 0.10416666666666667
2 0.3671875 0.5604166666666667 0.021875 0.0375
0 0.3203125 0.56875 0.021875 0.0375
0 0.3578125 0.5916666666666667 0.021875 0.025
2 0.7796875 0.6458333333333334 0.034375 0.04166666666666666
0 0.8125 0.6125 0.01875 0.03333333333333333
