0 0.7296875 0.63125 0.084375 0.07083333333333333
0 0.9703125 0.6375 0.059375 0.075
0 0.75 0.5145833333333333 0.05625 0.05416666666666667
0 0.8328125 0.4895833333333333 0.053125 0.05416666666666667
0 0.64375 0.5166666666666667 0.0625 0.05
0 0.7921875 0.9541666666666668 0.140625 0.09166666666666666
1 0.6859375 0.43333333333333335 0.040625 0.05
1 0.6140625 0.42916666666666653 0.034375 0.05833333333333333
0 0.7109375 0.3875 0.040625 0.03333333333333333
3 0.8265625 0.3625 0.028125 0.04166666666666666
0 0.653125 0.3958333333333333 0.0375 0.025
