2 0.4453125 0.35 0.040625 0.03888888888888889
0 0.76875 0.3944444444444444 0.028125 0.06111111111111111
0 0.15 0.6513888888888889 0.075 0.09166666666666666
0 0.721875 0.5 0.046875 0.07222222222222223
0 0.865625 0.5333333333333333 0.053125 0.09444444444444444
0 0.946875 0.8013888888888889 0.090625 0.175
0 0.73984375 0.4263888888888889 0.0296875 0.04166666666666666
0 0.540625 0.4111111111111111 0.025 0.05555555555555555
0 0.3546875 0.4833333333333333 0.046875 0.07777777777777778
0 0.40546875 0.8208333333333333 0.0765625 0.19166666666666668
3 0.6609375 0.35 0.01875 0.03888888888888889
3 0.7359375 0.3819444444444444 0.015625 0.04722222222222222
0 0.69609375 0.3458333333333333 0.0265625 0.04722222222222222
0 0.5671875 0.31805555555555554 0.015625 0.025
