1 0.765625 0.38472222222222224 0.04375 0.05833333333333333
0 0.2875 0.5541666666666667 0.046875 0.08055555555555556
3 0.7921875 0.4541666666666666 0.01875 0.052777777777777785
0 0.57109375 0.5930555555555556 0.0484375 0.11388888888888887
0 0.3765625 0.5236111111111111 0.04375 0.06388888888888887
0 0.3796875 0.4486111111111111 0.04375 0.052777777777777785
0 0.2109375 0.4541666666666666 0.046875 0.052777777777777785
0 0.11015625 0.9097222222222222 0.1296875 0.14166666666666666
0 0.48671875 0.3583333333333333 0.0234375 0.03888888888888889
1 0.4375 0.3527777777777778 0.03125 0.05
2 0.6921875 0.3486111111111111 0.03125 0.052777777777777785
2 0.0765625 0.5555555555555556 0.0625 0.06111111111111111
0 0.30859375 0.38472222222222224 0.0359375 0.052777777777777785
1 0.35546875 0.3486111111111111 0.0328125 0.052777777777777785
