0 0.3234375 0.6180555555555556 0.059375 0.08055555555555556
0 0.40859375 0.4138888888888889 0.0328125 0.03888888888888889
2 0.17734375 0.6722222222222223 0.0859375 0.11666666666666667
2 0.51796875 0.5194444444444445 0.0390625 0.08888888888888889
0 0.75234375 0.4513888888888889 0.0390625 0.06944444444444445
0 0.10078125 0.9472222222222222 0.0984375 0.09444444444444444
0 0.353125 0.3736111111111111 0.034375 0.036111111111111115
4 0.590625 0.33055555555555555 0.04375 0.10555555555555557
3 0.6796875 0.3388888888888889 0.0125 0.03333333333333333
3 0.6984375 0.30416666666666664 0.015625 0.04166666666666666
