2 0.57109375 0.4722222222222222 0.0484375 0.07777777777777778
0 0.365625 0.4638888888888889 0.040625 0.04444444444444445
0 0.24765625 0.5916666666666667 0.0640625 0.07777777777777778
3 0.84296875 0.4722222222222222 0.0359375 0.06666666666666668
0 0.775 0.3958333333333333 0.040625 0.06388888888888887
0 0.68203125 0.3236111111111111 0.0328125 0.04166666666666666
0 0.54609375 0.36527777777777776 0.0328125 0.04166666666666666
1 0.59609375 0.3555555555555556 0.0234375 0.05555555555555555
1 0.23671875 0.4222222222222222 0.0734375 0.06111111111111111
1 0.0765625 0.5527777777777778 0.065625 0.06666666666666668
