0 0.30390625 0.5388888888888889 0.0453125 0.07222222222222223
0 0.34609375 0.44722222222222224 0.0390625 0.04444444444444445
0 0.41484375 0.4819444444444445 0.0359375 0.06944444444444445
0 0.41484375 0.4180555555555556 0.0328125 0.04166666666666666
3 0.83046875 0.5236111111111111 0.0234375 0.075
3 0.76328125 0.4638888888888889 0.0234375 0.05555555555555555
1 0.7859375 0.4125 0.05 0.06388888888888887
1 0.4875 0.5916666666666667 0.059375 0.13333333333333333
0 0.87890625 0.8847222222222222 0.1078125 0.2305555555555556
1 0.14453125 0.4986111111111111 0.0734375 0.06944444444444445
