0 0.91875 0.5861111111111111 0.046875 0.1
0 0.765625 0.475 0.0375 0.08888888888888889
0 0.828125 0.4625 0.05 0.06944444444444445
0 0.41171875 0.4666666666666667 0.0359375 0.06111111111111111
1 0.13671875 0.6680555555555555 0.0953125 0.10833333333333334
0 0.04609375 0.8944444444444445 0.0796875 0.10555555555555557
2 0.43359375 0.3861111111111111 0.0359375 0.03888888888888889
4 0.39375 0.3680555555555556 0.046875 0.10277777777777776
0 0.47265625 0.3430555555555556 0.0265625 0.030555555555555555
0 0.64140625 0.3277777777777778 0.0234375 0.03333333333333333
0 0.6765625 0.32916666666666666 0.025 0.036111111111111115
0 0.32578125 0.3888888888888889 0.0328125 0.027777777777777776
