2 0.9171875 0.5541666666666667 0.065625 0.11944444444444445
0 0.77734375 0.4694444444444445 0.0515625 0.07222222222222223
0 0.72734375 0.39166666666666666 0.0234375 0.04444444444444445
0 0.7359375 0.5375 0.065625 0.06944444444444445
0 0.7609375 0.375 0.01875 0.027777777777777776
0 0.68359375 0.4 0.0296875 0.06111111111111111
3 0.58359375 0.4916666666666666 0.0234375 0.06111111111111111
0 0.540625 0.4236111111111111 0.025 0.05833333333333333
0 0.284375 0.4041666666666667 0.0375 0.04166666666666666
0 0.64765625 0.3402777777777778 0.0265625 0.025
0 0.6890625 0.3416666666666667 0.028125 0.03888888888888889
2 0.73125 0.33055555555555555 0.025 0.04444444444444445
