2 0.71640625 0.4888888888888889 0.0515625 0.08888888888888889
0 0.69609375 0.4138888888888889 0.0296875 0.05
0 0.32890625 0.5041666666666667 0.0453125 0.05833333333333333
3 0.1046875 0.5402777777777777 0.03125 0.05833333333333333
0 0.4671875 0.6597222222222222 0.05625 0.1527777777777778
1 0.9703125 0.6555555555555556 0.059375 0.18333333333333326
0 0.721875 0.3875 0.03125 0.052777777777777785
0 0.5875 0.39166666666666666 0.028125 0.05555555555555555
0 0.7390625 0.3527777777777778 0.03125 0.05
2 0.19921875 0.4638888888888889 0.0515625 0.05555555555555555
1 0.37890625 0.3194444444444444 0.0671875 0.06111111111111111
0 0.690625 0.3430555555555556 0.03125 0.04722222222222222
