1 0.79453125 0.4041666666666667 0.0453125 0.04722222222222222
0 0.28984375 0.6319444444444444 0.0828125 0.09166666666666666
1 0.5265625 0.825 0.103125 0.2333333333333333
1 0.859375 0.5388888888888889 0.071875 0.12222222222222222
3 0.88203125 0.8263888888888888 0.0484375 0.14166666666666666
3 0.8 0.4111111111111111 0.003125 0.005555555555555557
2 0.72109375 0.3736111111111111 0.0328125 0.04722222222222222
3 0.36796875 0.4527777777777778 0.0296875 0.04444444444444445
3 0.659375 0.3458333333333333 0.021875 0.036111111111111115
0 0.67734375 0.3958333333333333 0.0265625 0.04166666666666666
0 0.4453125 0.375 0.028125 0.027777777777777776
1 0.31796875 0.3680555555555556 0.0578125 0.04166666666666666
