3 0.703125 0.3055555555555556 0.034375 0.05555555555555555
2 0.7703125 0.2652777777777778 0.059375 0.06388888888888887
0 0.834375 0.3583333333333333 0.078125 0.08888888888888889
0 0.646875 0.21944444444444444 0.046875 0.05
0 0.57734375 0.4569444444444444 0.0671875 0.09722222222222222
0 0.409375 0.5805555555555556 0.071875 0.14444444444444446
0 0.33046875 0.31666666666666665 0.0328125 0.05555555555555555
0 0.378125 0.22083333333333333 0.03125 0.04166666666666666
0 0.3515625 0.19166666666666668 0.021875 0.027777777777777776
1 0.31015625 0.20972222222222225 0.0328125 0.052777777777777785
