0 0.6390625 0.525 0.08125 0.1111111111111111
0 0.4484375 0.2833333333333333 0.034375 0.05555555555555555
0 0.39765625 0.3125 0.0515625 0.05833333333333333
0 0.75390625 0.3736111111111111 0.0671875 0.06388888888888887
0 0.79609375 0.3333333333333333 0.0578125 0.05555555555555555
0 0.7046875 0.2361111111111111 0.046875 0.05555555555555555
0 0.62265625 0.2388888888888889 0.0453125 0.05
3 0.52265625 0.9402777777777778 0.0484375 0.11944444444444445
1 0.640625 0.7958333333333333 0.18125 0.33055555555555555
1 0.3671875 0.4569444444444444 0.0625 0.11388888888888887
0 0.38125 0.18611111111111112 0.025 0.027777777777777776
0 0.36171875 0.15416666666666667 0.0140625 0.025
