1 0.38359375 0.5305555555555556 0.0765625 0.16111111111111112
0 0.740625 0.6930555555555555 0.115625 0.14722222222222225
0 0.7 0.9458333333333332 0.153125 0.10833333333333334
0 0.87265625 0.37222222222222223 0.0515625 0.07222222222222223
0 0.59921875 0.25 0.0453125 0.05
0 0.60390625 0.20277777777777775 0.0359375 0.04444444444444445
0 0.4515625 0.4111111111111111 0.053125 0.1
0 0.45859375 0.2986111111111111 0.0390625 0.04722222222222222
2 0.3609375 0.2222222222222222 0.025 0.04444444444444445
0 0.3984375 0.2111111111111111 0.025 0.03888888888888889
0 0.3484375 0.2777777777777778 0.0375 0.05
2 0.346875 0.18888888888888888 0.025 0.03333333333333333
0 0.3734375 0.1736111111111111 0.025 0.025
1 0.3140625 0.2222222222222222 0.0375 0.07222222222222223
