2 0.55078125 0.5791666666666667 0.0859375 0.14166666666666666
0 0.8625 0.8583333333333333 0.153125 0.20555555555555555
0 0.51484375 0.3583333333333333 0.0359375 0.06111111111111111
0 0.43046875 0.3819444444444444 0.0453125 0.06944444444444445
0 0.6390625 0.2388888888888889 0.04375 0.04444444444444445
1 0.775 0.2916666666666667 0.025 0.06666666666666668
1 0.453125 0.3125 0.01875 0.052777777777777785
0 0.38203125 0.25972222222222224 0.0328125 0.052777777777777785
1 0.3140625 0.29444444444444445 0.034375 0.12777777777777774
1 0.64140625 0.18472222222222226 0.0421875 0.04722222222222222
2 0.35 0.20833333333333331 0.021875 0.05
0 0.396875 0.19722222222222224 0.025 0.03333333333333333
1 0.31328125 0.17083333333333334 0.0265625 0.06388888888888887
