0 0.37734375 0.6416666666666667 0.0546875 0.09444444444444444
0 0.4484375 0.7277777777777777 0.05625 0.14444444444444446
0 0.5703125 0.6527777777777778 0.053125 0.12777777777777774
0 0.09921875 0.4944444444444445 0.0453125 0.06111111111111111
0 0.53046875 0.4236111111111111 0.0390625 0.05833333333333333
0 0.60625 0.4041666666666667 0.028125 0.05833333333333333
0 0.5609375 0.3513888888888889 0.028125 0.04166666666666666
0 0.48984375 0.39166666666666666 0.0328125 0.04444444444444445
0 0.221875 0.4388888888888889 0.046875 0.05
3 0.51484375 0.32916666666666666 0.0234375 0.036111111111111115
3 0.54765625 0.3 0.0265625 0.03333333333333333
3 0.2796875 0.35694444444444445 0.03125 0.04166666666666666
3 0.32734375 0.35 0.0421875 0.04444444444444445
