1 0.3109375 0.4375 0.040625 0.08611111111111111
1 0.58671875 0.37916666666666665 0.0484375 0.06388888888888887
3 0.59296875 0.4958333333333334 0.0171875 0.04722222222222222
3 0.5953125 0.42916666666666653 0.01875 0.04166666666666666
2 0.3640625 0.4430555555555555 0.034375 0.05833333333333333
0 0.56015625 0.44722222222222224 0.0359375 0.06666666666666668
0 0.9203125 0.9472222222222222 0.078125 0.10555555555555557
0 0.45859375 0.28194444444444444 0.0203125 0.030555555555555555
1 0.97265625 0.30416666666666664 0.0328125 0.04166666666666666
3 0.3296875 0.3277777777777778 0.01875 0.03333333333333333
