2 0.296875 0.8375 0.0625 0.14166666666666666
3 0.3859375 0.4388888888888889 0.015625 0.04444444444444445
3 0.51875 0.36527777777777776 0.01875 0.04722222222222222
3 0.34453125 0.3125 0.0109375 0.030555555555555555
3 0.3265625 0.3277777777777778 0.015625 0.03333333333333333
1 0.72265625 0.5833333333333334 0.0578125 0.1
1 0.859375 0.6805555555555556 0.08125 0.1
1 0.734375 0.7097222222222223 0.075 0.10277777777777776
0 0.3125 0.3805555555555555 0.021875 0.03333333333333333
0 0.4484375 0.24722222222222226 0.01875 0.027777777777777776
0 0.4140625 0.95 0.06875 0.1
