2 0.8328125 0.5791666666666667 0.065625 0.125
2 0.3015625 0.4666666666666667 0.0375 0.05
0 0.2609375 0.4611111111111112 0.0375 0.05
0 0.25078125 0.4194444444444445 0.0296875 0.03333333333333333
0 0.2140625 0.4166666666666667 0.03125 0.05
0 0.11484375 0.5319444444444444 0.0609375 0.08055555555555556
0 0.06171875 0.7055555555555556 0.0859375 0.08888888888888889
3 0.28046875 0.36666666666666653 0.0109375 0.05
3 0.29609375 0.3694444444444445 0.0171875 0.03333333333333333
3 0.3375 0.3527777777777778 0.0125 0.03333333333333333
4 0.55 0.2986111111111111 0.028125 0.04722222222222222
1 0.39765625 0.31527777777777777 0.0390625 0.05833333333333333
