0 0.84375 0.7152777777777778 0.075 0.1527777777777778
0 0.38125 0.5333333333333333 0.053125 0.08888888888888889
1 0.1171875 0.5472222222222223 0.084375 0.10555555555555557
1 0.2921875 0.3958333333333333 0.040625 0.04722222222222222
1 0.30546875 0.35694444444444445 0.0421875 0.04722222222222222
0 0.23671875 0.4819444444444445 0.0453125 0.04722222222222222
0 0.09375 0.6944444444444444 0.075 0.1
0 0.4828125 0.3805555555555555 0.025 0.05555555555555555
0 0.37578125 0.3805555555555555 0.0265625 0.03333333333333333
4 0.740625 0.4541666666666666 0.040625 0.09166666666666666
