0 0.7796875 0.5986111111111111 0.046875 0.08055555555555556
0 0.14921875 0.6055555555555555 0.0671875 0.06666666666666668
0 0.0796875 0.5902777777777778 0.0625 0.08055555555555556
0 0.30625 0.4708333333333333 0.0375 0.04722222222222222
1 0.44765625 0.4763888888888889 0.0671875 0.13055555555555556
0 0.2265625 0.4375 0.046875 0.036111111111111115
3 0.240625 0.4791666666666667 0.025 0.04166666666666666
3 0.38359375 0.38333333333333336 0.0171875 0.03888888888888889
0 0.340625 0.3861111111111111 0.034375 0.05
2 0.29765625 0.38333333333333336 0.0328125 0.05
0 0.5953125 0.37222222222222223 0.03125 0.03888888888888889
