0 0.7359375 0.5569444444444445 0.071875 0.09722222222222222
1 0.8671875 0.5402777777777777 0.08125 0.125
1 0.24375 0.4138888888888889 0.059375 0.06111111111111111
1 0.33828125 0.34444444444444444 0.0390625 0.06666666666666668
4 0.38984375 0.31666666666666665 0.0359375 0.05555555555555555
3 0.49765625 0.39166666666666666 0.0171875 0.03333333333333333
3 0.5328125 0.34444444444444444 0.015625 0.03333333333333333
3 0.26171875 0.4708333333333333 0.0234375 0.04722222222222222
0 0.0734375 0.7013888888888888 0.075 0.09166666666666666
0 0.24609375 0.9027777777777778 0.1078125 0.19444444444444445
3 0.91875 0.7944444444444444 0.053125 0.12222222222222222
1 0.09375 0.3861111111111111 0.059375 0.05555555555555555
3 0.79921875 0.5638888888888889 0.0171875 0.06111111111111111
3 0.134375 0.3958333333333333 0.015625 0.030555555555555555
