0 0.596875 0.4041666666666667 0.0375 0.06388888888888887
2 0.4875 0.33611111111111114 0.05625 0.05
2 0.025 0.7208333333333333 0.046875 0.08611111111111111
3 0.65625 0.30972222222222223 0.015625 0.04722222222222222
1 0.69765625 0.4638888888888889 0.0640625 0.15
1 0.68203125 0.3236111111111111 0.0390625 0.10277777777777776
0 0.6734375 0.2375 0.01875 0.036111111111111115
0 0.6953125 0.16666666666666666 0.01875 0.027777777777777776
0 0.503125 0.21388888888888888 0.01875 0.027777777777777776
3 0.60546875 0.19444444444444445 0.0140625 0.022222222222222227
2 0.721875 0.1763888888888889 0.01875 0.025
1 0.7515625 0.1736111111111111 0.021875 0.05833333333333333
