0 0.5171875 0.6166666666666667 0.059375 0.14444444444444446
0 0.384375 0.4819444444444445 0.053125 0.06388888888888887
0 0.30546875 0.4888888888888889 0.0546875 0.06111111111111111
0 0.71875 0.3013888888888889 0.025 0.052777777777777785
3 0.7140625 0.2263888888888889 0.015625 0.04166666666666666
3 0.4796875 0.24444444444444444 0.01875 0.03888888888888889
0 0.56328125 0.2638888888888889 0.0296875 0.03888888888888889
0 0.584375 0.2222222222222222 0.01875 0.03333333333333333
0 0.54921875 0.2222222222222222 0.0171875 0.03333333333333333
0 0.43515625 0.2763888888888889 0.0234375 0.036111111111111115
1 0.7484375 0.2 0.025 0.06111111111111111
1 0.58515625 0.1875 0.0265625 0.030555555555555555
