1 0.72734375 0.3944444444444444 0.0546875 0.13333333333333333
1 0.73359375 0.3013888888888889 0.0328125 0.10277777777777776
1 0.67578125 0.30277777777777776 0.0390625 0.12222222222222222
1 0.75234375 0.2111111111111111 0.0296875 0.07777777777777778
0 0.496875 0.29444444444444445 0.028125 0.03888888888888889
0 0.446875 0.3875 0.053125 0.052777777777777785
0 0.51953125 0.6944444444444444 0.0703125 0.15
0 0.6109375 0.18611111111111112 0.015625 0.03333333333333333
0 0.59296875 0.17916666666666667 0.0171875 0.019444444444444445
0 0.5296875 0.175 0.0125 0.022222222222222227
1 0.74609375 0.15416666666666667 0.0171875 0.036111111111111115
1 0.7234375 0.1361111111111111 0.01875 0.027777777777777776
