0 0.55078125 0.4555555555555556 0.0484375 0.07222222222222223
0 0.66640625 0.3472222222222222 0.0296875 0.05555555555555555
3 0.72109375 0.3277777777777778 0.0171875 0.05555555555555555
3 0.44765625 0.3513888888888889 0.0171875 0.04722222222222222
0 0.56640625 0.2513888888888889 0.0265625 0.025
2 0.5078125 0.2013888888888889 0.01875 0.025
0 0.68203125 0.21388888888888888 0.0234375 0.027777777777777776
0 0.6125 0.20972222222222225 0.01875 0.025
1 0.75 0.22777777777777775 0.034375 0.05
1 0.5625 0.1875 0.025 0.04166666666666666
1 0.5953125 0.19583333333333333 0.01875 0.030555555555555555
0 0.69921875 0.16805555555555554 0.0171875 0.030555555555555555
0 0.63359375 0.15694444444444444 0.0140625 0.025
3 0.61484375 0.16944444444444445 0.0140625 0.022222222222222227
2 0.73359375 0.18888888888888888 0.0171875 0.03888888888888889
1 0.7453125 0.1388888888888889 0.01875 0.03888888888888889
1 0.63125 0.12083333333333332 0.01875 0.030555555555555555
3 0.4078125 0.9708333333333332 0.046875 0.05833333333333333
