0 0.496875 0.5541666666666667 0.065625 0.11944444444444445
0 0.61640625 0.34444444444444444 0.0328125 0.07222222222222223
0 0.65390625 0.2569444444444444 0.0296875 0.04722222222222222
0 0.6765625 0.2152777777777778 0.021875 0.04722222222222222
3 0.69765625 0.1930555555555556 0.0109375 0.04166666666666666
0 0.6859375 0.3138888888888889 0.03125 0.07222222222222223
0 0.7046875 0.23194444444444445 0.01875 0.036111111111111115
2 0.43046875 0.2763888888888889 0.0296875 0.04166666666666666
0 0.0578125 0.7208333333333333 0.1 0.11388888888888887
1 0.40625 0.8930555555555556 0.153125 0.21388888888888888
1 0.74140625 0.2638888888888889 0.0390625 0.07222222222222223
0 0.6359375 0.16666666666666666 0.01875 0.022222222222222227
0 0.60703125 0.17916666666666667 0.0109375 0.025
0 0.56640625 0.20833333333333331 0.0203125 0.022222222222222227
1 0.74765625 0.1638888888888889 0.0234375 0.04444444444444445
