0 0.31953125 0.8847222222222222 0.1078125 0.18055555555555555
0 0.271875 0.5222222222222223 0.071875 0.06111111111111111
0 0.38359375 0.4597222222222222 0.0546875 0.04722222222222222
0 0.4234375 0.3625 0.05 0.052777777777777785
2 0.48828125 0.2972222222222222 0.0421875 0.04444444444444445
0 0.584375 0.23472222222222225 0.028125 0.036111111111111115
0 0.6171875 0.1986111111111111 0.015625 0.019444444444444445
0 0.7125 0.22083333333333333 0.01875 0.036111111111111115
0 0.61640625 0.175 0.0171875 0.016666666666666666
0 0.640625 0.175 0.0125 0.027777777777777776
1 0.746875 0.22916666666666666 0.03125 0.06388888888888887
3 0.7046875 0.16944444444444445 0.0125 0.027777777777777776
