0 0.5953125 0.6527777777777778 0.084375 0.17777777777777778
0 0.59296875 0.4097222222222222 0.0328125 0.06388888888888887
0 0.428125 0.4097222222222222 0.034375 0.052777777777777785
1 0.34375 0.43472222222222223 0.05625 0.06944444444444445
1 0.51328125 0.24027777777777776 0.0296875 0.05833333333333333
1 0.5734375 0.20972222222222225 0.021875 0.04722222222222222
0 0.5734375 0.25833333333333336 0.01875 0.027777777777777776
0 0.60625 0.2152777777777778 0.01875 0.030555555555555555
0 0.7265625 0.16111111111111112 0.0125 0.022222222222222227
1 0.5859375 0.1638888888888889 0.025 0.03888888888888889
1 0.61328125 0.1486111111111111 0.0140625 0.025
1 0.74453125 0.125 0.0171875 0.03333333333333333
1 0.63671875 0.1375 0.0109375 0.025
0 0.52265625 0.19166666666666668 0.0140625 0.022222222222222227
0 0.65625 0.14444444444444446 0.0125 0.027777777777777776
