1 0.4921875 0.7416666666666667 0.140625 0.4722222222222222
1 0.75078125 0.1986111111111111 0.0234375 0.036111111111111115
1 0.6 0.18333333333333326 0.021875 0.03888888888888889
0 0.53359375 0.2652777777777778 0.0234375 0.036111111111111115
0 0.590625 0.23194444444444445 0.028125 0.030555555555555555
0 0.6203125 0.20277777777777775 0.021875 0.03888888888888889
0 0.490625 0.22916666666666666 0.025 0.025
0 0.528125 0.1875 0.01875 0.013888888888888888
0 0.428125 0.2902777777777778 0.021875 0.04166666666666666
3 0.6578125 0.14722222222222225 0.0125 0.027777777777777776
3 0.55 0.28194444444444444 0.015625 0.04166666666666666
