3 0.45078125 0.33194444444444443 0.0140625 0.036111111111111115
3 0.596875 0.1875 0.015625 0.030555555555555555
1 0.71328125 0.5083333333333333 0.0546875 0.1388888888888889
1 0.646875 0.4 0.046875 0.16111111111111112
1 0.4671875 0.26944444444444443 0.08125 0.06666666666666668
3 0.52578125 0.2722222222222222 0.0203125 0.04444444444444445
1 0.71328125 0.20555555555555555 0.0234375 0.03888888888888889
0 0.56015625 0.2375 0.0203125 0.030555555555555555
1 0.02890625 0.7680555555555556 0.0515625 0.09722222222222222
1 0.31953125 0.4097222222222222 0.1015625 0.10277777777777776
0 0.63515625 0.175 0.0140625 0.027777777777777776
0 0.64609375 0.1638888888888889 0.0171875 0.022222222222222227
