1 0.70234375 0.5722222222222222 0.0734375 0.29444444444444445
1 0.42734375 0.35694444444444445 0.0390625 0.06944444444444445
1 0.565625 0.2222222222222222 0.034375 0.04444444444444445
2 0.73984375 0.22916666666666666 0.0265625 0.052777777777777785
0 0.303125 0.4861111111111111 0.059375 0.06666666666666668
0 0.6609375 0.3416666666666667 0.034375 0.06111111111111111
2 0.51875 0.2625 0.028125 0.030555555555555555
2 0.609375 0.15694444444444444 0.00625 0.030555555555555555
3 0.70625 0.2625 0.01875 0.04722222222222222
3 0.3390625 0.4041666666666667 0.01875 0.04722222222222222
2 0.6328125 0.15 0.015625 0.022222222222222227
1 0.50703125 0.23194444444444445 0.0328125 0.04166666666666666
