2 0.621875 0.4777777777777778 0.05625 0.11666666666666667
3 0.69609375 0.19444444444444445 0.0109375 0.03888888888888889
1 0.7515625 0.23472222222222225 0.0375 0.09722222222222222
1 0.6390625 0.7694444444444445 0.121875 0.36666666666666653
1 0.42578125 0.3138888888888889 0.0296875 0.06666666666666668
0 0.5015625 0.2111111111111111 0.015625 0.022222222222222227
0 0.70078125 0.2638888888888889 0.0265625 0.04444444444444445
0 0.62890625 0.3236111111111111 0.0296875 0.04722222222222222
0 0.31953125 0.39166666666666666 0.0359375 0.03888888888888889
0 0.03046875 0.6597222222222222 0.0609375 0.08055555555555556
2 0.44453125 0.25972222222222224 0.0296875 0.030555555555555555
0 0.72890625 0.1638888888888889 0.0171875 0.027777777777777776
