0 0.559375 0.6638888888888889 0.06875 0.15
2 0.36875 0.4263888888888889 0.040625 0.052777777777777785
0 0.26875 0.4833333333333333 0.046875 0.05
0 0.58203125 0.23472222222222225 0.0234375 0.04166666666666666
0 0.51484375 0.3069444444444445 0.0265625 0.030555555555555555
0 0.65390625 0.2791666666666667 0.0265625 0.05833333333333333
1 0.70703125 0.24305555555555555 0.0234375 0.04166666666666666
0 0.68046875 0.2180555555555556 0.0140625 0.025
0 0.72265625 0.2 0.0265625 0.03888888888888889
3 0.70078125 0.19722222222222224 0.0171875 0.03888888888888889
0 0.728125 0.14166666666666666 0.015625 0.022222222222222227
0 0.7046875 0.15 0.01875 0.022222222222222227
