3 0.31484375 0.9208333333333332 0.0546875 0.13055555555555556
3 0.4515625 0.36666666666666653 0.01875 0.05
3 0.721875 0.16805555555555554 0.009375 0.030555555555555555
1 0.390625 0.3861111111111111 0.046875 0.06111111111111111
1 0.06796875 0.6986111111111111 0.1296875 0.15833333333333333
0 0.1015625 0.7847222222222222 0.09375 0.08055555555555556
0 0.46875 0.2486111111111111 0.01875 0.030555555555555555
0 0.61640625 0.1763888888888889 0.0171875 0.025
0 0.64453125 0.15833333333333333 0.0234375 0.016666666666666666
0 0.703125 0.14583333333333334 0.0125 0.025
0 0.5140625 0.19722222222222224 0.015625 0.03333333333333333
