0 0.29140625 0.5583333333333333 0.0671875 0.07222222222222223
0 0.15390625 0.6319444444444444 0.0796875 0.06388888888888887
0 0.68828125 0.3055555555555556 0.0265625 0.06111111111111111
1 0.74609375 0.2930555555555556 0.0359375 0.06944444444444445
4 0.40625 0.9291666666666668 0.140625 0.14166666666666666
0 0.44140625 0.3541666666666667 0.0453125 0.036111111111111115
0 0.53046875 0.29444444444444445 0.0328125 0.03888888888888889
0 0.465625 0.2902777777777778 0.03125 0.025
0 0.58828125 0.20694444444444446 0.0234375 0.025
0 0.584375 0.18333333333333326 0.01875 0.016666666666666666
0 0.75078125 0.22361111111111112 0.0203125 0.04166666666666666
1 0.75234375 0.1625 0.0234375 0.04722222222222222
0 0.721875 0.16944444444444445 0.015625 0.022222222222222227
0 0.69921875 0.1625 0.0203125 0.019444444444444445
