0 0.33125 0.37777777777777777 0.040625 0.03888888888888889
0 0.6515625 0.2875 0.028125 0.052777777777777785
0 0.71328125 0.2125 0.0265625 0.036111111111111115
2 0.54765625 0.24722222222222226 0.0265625 0.03333333333333333
0 0.47734375 0.2388888888888889 0.0234375 0.027777777777777776
1 0.57578125 0.18611111111111112 0.0171875 0.03333333333333333
2 0.5890625 0.2111111111111111 0.021875 0.03333333333333333
2 0.70390625 0.1597222222222222 0.0171875 0.019444444444444445
2 0.74453125 0.16527777777777775 0.0234375 0.025
2 0.61328125 0.16666666666666666 0.0140625 0.022222222222222227
3 0.7390625 0.18611111111111112 0.01875 0.027777777777777776
