3 0.63046875 0.32083333333333336 0.0203125 0.04722222222222222
3 0.75546875 0.2416666666666667 0.0140625 0.04444444444444445
3 0.590625 0.225 0.015625 0.03888888888888889
3 0.5203125 0.26666666666666666 0.01875 0.03888888888888889
3 0.21953125 0.6236111111111111 0.0359375 0.06944444444444445
1 0.57578125 0.7902777777777777 0.0796875 0.25833333333333336
2 0.44375 0.32222222222222224 0.034375 0.03888888888888889
2 0.421875 0.37916666666666665 0.046875 0.052777777777777785
0 0.41328125 0.44027777777777777 0.0484375 0.052777777777777785
1 0.703125 0.25833333333333336 0.034375 0.08333333333333333
0 0.51328125 0.20833333333333331 0.0109375 0.022222222222222227
