0 0.29140625 0.5083333333333333 0.0546875 0.08333333333333333
0 0.28671875 0.42777777777777776 0.0390625 0.04444444444444445
0 0.53984375 0.26805555555555555 0.0328125 0.04166666666666666
3 0.5828125 0.19583333333333333 0.0125 0.036111111111111115
2 0.70625 0.2486111111111111 0.025 0.052777777777777785
0 0.7203125 0.18888888888888888 0.015625 0.022222222222222227
0 0.72109375 0.16527777777777775 0.0171875 0.019444444444444445
1 0.74765625 0.15694444444444444 0.0234375 0.052777777777777785
1 0.5 0.2486111111111111 0.03125 0.06388888888888887
0 0.6484375 0.1597222222222222 0.0125 0.019444444444444445
