0 0.15 0.7319444444444444 0.084375 0.10277777777777776
0 0.65859375 0.3930555555555556 0.0421875 0.06944444444444445
2 0.7078125 0.2513888888888889 0.021875 0.052777777777777785
1 0.75078125 0.20972222222222225 0.0296875 0.06944444444444445
0 0.48125 0.30972222222222223 0.028125 0.036111111111111115
0 0.5734375 0.25555555555555554 0.025 0.03888888888888889
0 0.28984375 0.4152777777777778 0.0265625 0.052777777777777785
1 0.60234375 0.1930555555555556 0.0171875 0.036111111111111115
3 0.51328125 0.2513888888888889 0.0140625 0.030555555555555555
3 0.4828125 0.2805555555555556 0.01875 0.03333333333333333
