0 0.5625 0.6555555555555556 0.0625 0.15
0 0.66328125 0.7694444444444445 0.0859375 0.19444444444444445
0 0.265625 0.9180555555555556 0.109375 0.1638888888888889
0 0.36328125 0.4861111111111111 0.0640625 0.06666666666666668
0 0.675 0.2222222222222222 0.01875 0.03888888888888889
1 0.7140625 0.22361111111111112 0.028125 0.06388888888888887
1 0.47421875 0.2777777777777778 0.0453125 0.05555555555555555
1 0.53125 0.2458333333333333 0.04375 0.05833333333333333
1 0.5953125 0.1763888888888889 0.01875 0.04722222222222222
0 0.58828125 0.2388888888888889 0.0234375 0.027777777777777776
0 0.6078125 0.19166666666666668 0.01875 0.027777777777777776
0 0.746875 0.19027777777777774 0.01875 0.036111111111111115
1 0.25859375 0.5236111111111111 0.0546875 0.13055555555555556
1 0.48515625 0.21944444444444444 0.0171875 0.03333333333333333
