0 0.65234375 0.4083333333333333 0.0390625 0.06666666666666668
0 0.42734375 0.4097222222222222 0.0359375 0.06944444444444445
0 0.44609375 0.35 0.0328125 0.03888888888888889
0 0.4890625 0.34444444444444444 0.034375 0.05
2 0.04375 0.7347222222222223 0.084375 0.09722222222222222
1 0.5140625 0.26805555555555555 0.040625 0.05833333333333333
0 0.58125 0.2152777777777778 0.01875 0.025
0 0.6734375 0.2305555555555556 0.021875 0.027777777777777776
0 0.6875 0.20694444444444446 0.015625 0.030555555555555555
0 0.60859375 0.18333333333333326 0.0171875 0.011111111111111113
0 0.5953125 0.1736111111111111 0.0125 0.013888888888888888
0 0.72734375 0.1486111111111111 0.0171875 0.025
0 0.62265625 0.16111111111111112 0.0140625 0.016666666666666666
