0 0.59921875 0.38472222222222224 0.0421875 0.06944444444444445
0 0.4171875 0.3763888888888889 0.05625 0.05833333333333333
3 0.23203125 0.6180555555555556 0.0359375 0.06944444444444445
3 0.1 0.6791666666666667 0.05625 0.04722222222222222
1 0.4875 0.2708333333333333 0.046875 0.05833333333333333
0 0.5359375 0.2569444444444444 0.025 0.030555555555555555
0 0.70625 0.25 0.025 0.04444444444444445
0 0.75078125 0.18888888888888888 0.0296875 0.03333333333333333
0 0.74921875 0.15138888888888888 0.0171875 0.019444444444444445
3 0.58828125 0.20277777777777775 0.0140625 0.027777777777777776
