4 0.253125 0.3958333333333333 0.059375 0.1638888888888889
0 0.665625 0.8472222222222222 0.0875 0.18333333333333326
2 0.80546875 0.875 0.0953125 0.17777777777777778
0 0.5328125 0.5902777777777778 0.040625 0.11388888888888887
0 0.3421875 0.6263888888888889 0.040625 0.11944444444444445
0 0.5390625 0.34444444444444444 0.0375 0.06111111111111111
3 0.48046875 0.2791666666666667 0.0171875 0.052777777777777785
2 0.5703125 0.2930555555555556 0.034375 0.06388888888888887
0 0.528125 0.20972222222222225 0.03125 0.030555555555555555
0 0.4828125 0.18194444444444444 0.025 0.025
1 0.33671875 0.18333333333333326 0.0171875 0.03888888888888889
2 0.475 0.12777777777777774 0.01875 0.027777777777777776
0 0.45078125 0.12361111111111113 0.0140625 0.019444444444444445
0 0.33671875 0.12361111111111113 0.0140625 0.025
0 0.35625 0.11805555555555555 0.0125 0.013888888888888888
