3 0.275 0.5486111111111112 0.03125 0.06944444444444445
3 0.5015625 0.3013888888888889 0.0125 0.04166666666666666
3 0.3265625 0.3277777777777778 0.015625 0.05
1 0.57890625 0.4486111111111111 0.0390625 0.08611111111111111
1 0.11875 0.7722222222222223 0.0625 0.20555555555555555
1 0.35 0.23472222222222225 0.0125 0.05833333333333333
0 0.4890625 0.18333333333333326 0.0125 0.027777777777777776
0 0.38046875 0.20694444444444446 0.0171875 0.025
0 0.36171875 0.16666666666666666 0.0171875 0.022222222222222227
0 0.33515625 0.17083333333333334 0.0171875 0.025
0 0.3578125 0.11666666666666667 0.009375 0.016666666666666666
