0 0.59453125 0.95 0.0671875 0.1
0 0.64609375 0.6513888888888889 0.0640625 0.1638888888888889
0 0.52265625 0.4930555555555556 0.0421875 0.09722222222222222
0 0.52890625 0.3125 0.0234375 0.04722222222222222
2 0.5796875 0.31527777777777777 0.03125 0.06388888888888887
0 0.546875 0.25277777777777777 0.028125 0.03888888888888889
3 0.48984375 0.33055555555555555 0.0140625 0.03333333333333333
3 0.30546875 0.3861111111111111 0.0234375 0.06111111111111111
0 0.2421875 0.44722222222222224 0.03125 0.08333333333333333
0 0.4765625 0.17083333333333334 0.015625 0.019444444444444445
0 0.3515625 0.2263888888888889 0.01875 0.030555555555555555
0 0.309375 0.2805555555555556 0.028125 0.03333333333333333
1 0.5015625 0.15 0.03125 0.04444444444444445
1 0.33671875 0.1486111111111111 0.0140625 0.030555555555555555
3 0.35703125 0.17916666666666667 0.0109375 0.030555555555555555
0 0.37890625 0.1388888888888889 0.0140625 0.022222222222222227
0 0.35859375 0.1486111111111111 0.0109375 0.030555555555555555
