1 0.78046875 0.7486111111111111 0.1359375 0.2638888888888889
1 0.51171875 0.1638888888888889 0.0265625 0.05
3 0.5328125 0.3625 0.015625 0.052777777777777785
2 0.37421875 0.32083333333333336 0.0296875 0.05833333333333333
0 0.32109375 0.3555555555555556 0.0265625 0.04444444444444445
0 0.48515625 0.18888888888888888 0.0234375 0.03333333333333333
0 0.4578125 0.13333333333333333 0.021875 0.016666666666666666
0 0.35625 0.17083333333333334 0.0125 0.019444444444444445
0 0.38203125 0.14166666666666666 0.0234375 0.027777777777777776
4 0.23515625 0.43333333333333335 0.0765625 0.15
0 0.340625 0.1111111111111111 0.015625 0.022222222222222227
