1 0.82265625 0.8958333333333334 0.0984375 0.20833333333333331
0 0.61171875 0.6 0.0671875 0.12222222222222222
1 0.51328125 0.22777777777777775 0.0234375 0.07222222222222223
1 0.5125 0.18055555555555555 0.01875 0.05
0 0.2640625 0.5680555555555555 0.040625 0.09722222222222222
0 0.24609375 0.4152777777777778 0.0296875 0.052777777777777785
0 0.38203125 0.20555555555555555 0.0234375 0.03333333333333333
0 0.378125 0.1527777777777778 0.0125 0.016666666666666666
0 0.4765625 0.12916666666666668 0.0125 0.025
2 0.3546875 0.20416666666666666 0.021875 0.04722222222222222
1 0.2875 0.2861111111111111 0.0375 0.07222222222222223
1 0.3328125 0.1638888888888889 0.028125 0.03888888888888889
