0 0.53671875 0.6263888888888889 0.0546875 0.11944444444444445
0 0.56484375 0.42777777777777776 0.0359375 0.07777777777777778
0 0.3 0.4305555555555556 0.0375 0.05555555555555555
0 0.1953125 0.8541666666666666 0.05625 0.1638888888888889
1 0.79609375 0.8333333333333334 0.1234375 0.29444444444444445
1 0.6125 0.5805555555555556 0.065625 0.2
1 0.52421875 0.27361111111111114 0.0265625 0.06388888888888887
1 0.5484375 0.24444444444444444 0.028125 0.03333333333333333
1 0.28984375 0.2847222222222222 0.0359375 0.08055555555555556
2 0.353125 0.22777777777777775 0.01875 0.04444444444444445
0 0.47109375 0.2222222222222222 0.0171875 0.05
0 0.490625 0.33194444444444443 0.034375 0.06388888888888887
0 0.4984375 0.2111111111111111 0.025 0.04444444444444445
0 0.45234375 0.18055555555555555 0.0109375 0.027777777777777776
0 0.47578125 0.1625 0.0171875 0.025
0 0.37890625 0.15694444444444444 0.0171875 0.025
3 0.234375 0.4083333333333333 0.0125 0.05
0 0.37578125 0.11666666666666667 0.0171875 0.022222222222222227
0 0.46640625 0.14027777777777778 0.0234375 0.025
3 0.35546875 0.15833333333333333 0.0140625 0.027777777777777776
