1 0.3 0.7208333333333333 0.05 0.1638888888888889
1 0.7046875 0.6208333333333333 0.11875 0.2416666666666667
1 0.5859375 0.33194444444444443 0.040625 0.08611111111111111
3 0.5171875 0.2777777777777778 0.01875 0.03333333333333333
0 0.5421875 0.6916666666666667 0.059375 0.15555555555555556
0 0.5 0.4 0.034375 0.05555555555555555
0 0.4984375 0.3125 0.028125 0.052777777777777785
0 0.2375 0.6875 0.040625 0.13055555555555556
0 0.08203125 0.9194444444444444 0.0671875 0.16111111111111112
0 0.2421875 0.4513888888888889 0.0375 0.09166666666666666
1 0.315625 0.23472222222222225 0.01875 0.06388888888888887
0 0.46328125 0.19583333333333333 0.0171875 0.04722222222222222
0 0.47578125 0.1527777777777778 0.0140625 0.027777777777777776
2 0.33125 0.18333333333333326 0.01875 0.027777777777777776
1 0.35546875 0.18055555555555555 0.0140625 0.04444444444444445
