0 0.69453125 0.9208333333333332 0.0765625 0.15833333333333333
0 0.2875 0.4902777777777778 0.04375 0.08611111111111111
0 0.19140625 0.5486111111111112 0.0515625 0.08611111111111111
0 0.52890625 0.5486111111111112 0.0421875 0.10833333333333334
0 0.38125 0.2638888888888889 0.015625 0.04444444444444445
0 0.33984375 0.2847222222222222 0.0234375 0.04722222222222222
0 0.2765625 0.3458333333333333 0.025 0.05833333333333333
0 0.32578125 0.20416666666666666 0.0203125 0.025
0 0.36015625 0.19027777777777774 0.0171875 0.025
0 0.4875 0.18194444444444444 0.009375 0.030555555555555555
1 0.53515625 0.2972222222222222 0.0390625 0.08888888888888889
1 0.33671875 0.16111111111111112 0.0171875 0.03888888888888889
0 0.37890625 0.15138888888888888 0.0171875 0.025
0 0.45546875 0.12777777777777774 0.0140625 0.03333333333333333
0 0.45390625 0.1736111111111111 0.0140625 0.04166666666666666
3 0.46796875 0.17222222222222222 0.0078125 0.03888888888888889
1 0.3546875 0.10972222222222222 0.015625 0.019444444444444445
