2 0.11328125 0.7930555555555555 0.0453125 0.14722222222222225
0 0.33828125 0.6097222222222223 0.0421875 0.075
0 0.3171875 0.3486111111111111 0.021875 0.04166666666666666
0 0.3796875 0.27361111111111114 0.01875 0.036111111111111115
0 0.584375 0.3861111111111111 0.040625 0.06111111111111111
1 0.490625 0.2013888888888889 0.021875 0.04166666666666666
1 0.559375 0.2652777777777778 0.046875 0.08055555555555556
1 0.6203125 0.5986111111111111 0.05625 0.125
1 0.24921875 0.5861111111111111 0.0515625 0.12777777777777774
1 0.21015625 0.5 0.0453125 0.1
1 0.31640625 0.2180555555555556 0.0265625 0.09166666666666666
0 0.35625 0.19166666666666668 0.01875 0.027777777777777776
0 0.46015625 0.13472222222222222 0.0203125 0.025
0 0.3609375 0.12083333333333332 0.009375 0.025
