0 0.54765625 0.6361111111111111 0.0546875 0.13333333333333333
0 0.578125 0.4611111111111112 0.046875 0.07777777777777778
0 0.48203125 0.2833333333333333 0.0265625 0.06111111111111111
0 0.334375 0.25555555555555554 0.021875 0.04444444444444445
0 0.37890625 0.18611111111111112 0.0140625 0.03333333333333333
1 0.2921875 0.3083333333333333 0.03125 0.07222222222222223
0 0.46328125 0.2125 0.0140625 0.04166666666666666
0 0.475 0.1597222222222222 0.021875 0.04166666666666666
2 0.509375 0.18333333333333326 0.021875 0.03333333333333333
3 0.4765625 0.19166666666666668 0.01875 0.03888888888888889
0 0.48828125 0.13333333333333333 0.0171875 0.027777777777777776
0 0.46015625 0.1361111111111111 0.0171875 0.027777777777777776
