0 0.5625 0.7652777777777777 0.06875 0.16944444444444445
0 0.4921875 0.34444444444444444 0.028125 0.05555555555555555
2 0.55078125 0.37777777777777777 0.0328125 0.07222222222222223
4 0.50078125 0.15 0.0234375 0.05555555555555555
0 0.478125 0.17083333333333334 0.015625 0.019444444444444445
0 0.45625 0.175 0.021875 0.027777777777777776
0 0.16875 0.6055555555555555 0.04375 0.08333333333333333
0 0.3484375 0.24027777777777776 0.015625 0.030555555555555555
0 0.33671875 0.2791666666666667 0.0234375 0.036111111111111115
1 0.32109375 0.225 0.0234375 0.04444444444444445
1 0.25859375 0.3805555555555555 0.0390625 0.05555555555555555
1 0.31171875 0.35694444444444445 0.0328125 0.08055555555555556
0 0.3609375 0.18472222222222226 0.015625 0.030555555555555555
0 0.3828125 0.175 0.015625 0.03888888888888889
0 0.3703125 0.3486111111111111 0.025 0.04166666666666666
1 0.3390625 0.14166666666666666 0.01875 0.027777777777777776
0 0.359375 0.12638888888888888 0.0125 0.025
1 0.3546875 0.15694444444444444 0.015625 0.025
