0 0.58046875 0.9319444444444444 0.0703125 0.1361111111111111
1 0.60234375 0.5138888888888888 0.0734375 0.16111111111111112
1 0.05859375 0.9291666666666668 0.0640625 0.14166666666666666
0 0.309375 0.3944444444444444 0.028125 0.06666666666666668
0 0.5078125 0.3805555555555555 0.0375 0.05555555555555555
0 0.465625 0.21944444444444444 0.025 0.04444444444444445
3 0.49296875 0.2625 0.0171875 0.025
3 0.5046875 0.3055555555555556 0.01875 0.03888888888888889
1 0.55390625 0.22916666666666666 0.0296875 0.06944444444444445
1 0.4953125 0.20416666666666666 0.025 0.030555555555555555
3 0.3234375 0.20277777777777775 0.01875 0.03333333333333333
