1 0.2609375 0.3736111111111111 0.0375 0.08611111111111111
1 0.5921875 0.3513888888888889 0.040625 0.08611111111111111
2 0.621875 0.6319444444444444 0.0625 0.1638888888888889
3 0.5171875 0.2791666666666667 0.021875 0.04722222222222222
0 0.50703125 0.22916666666666666 0.0203125 0.04166666666666666
0 0.4578125 0.18888888888888888 0.015625 0.027777777777777776
0 0.4578125 0.1361111111111111 0.0125 0.022222222222222227
0 0.3203125 0.3597222222222222 0.021875 0.05833333333333333
0 0.19921875 0.6361111111111111 0.0515625 0.1
1 0.34296875 0.12083333333333332 0.0171875 0.030555555555555555
3 0.375 0.1125 0.0125 0.030555555555555555
