1 0.63203125 0.6194444444444445 0.0921875 0.21666666666666667
1 0.675 0.4763888888888889 0.05 0.1527777777777778
0 0.184375 0.8722222222222222 0.06875 0.16111111111111112
0 0.471875 0.2416666666666667 0.021875 0.03888888888888889
0 0.4609375 0.1986111111111111 0.01875 0.04166666666666666
0 0.4703125 0.14305555555555555 0.015625 0.030555555555555555
0 0.4515625 0.1638888888888889 0.01875 0.03888888888888889
1 0.5125 0.16527777777777775 0.03125 0.04722222222222222
1 0.50234375 0.20972222222222225 0.0203125 0.052777777777777785
2 0.3421875 0.25416666666666665 0.01875 0.052777777777777785
1 0.3359375 0.15694444444444444 0.015625 0.04722222222222222
1 0.3375 0.12222222222222222 0.021875 0.03333333333333333
1 0.4609375 0.1 0.01875 0.027777777777777776
