1 0.8265625 0.8527777777777777 0.15625 0.29444444444444445
1 0.565625 0.25833333333333336 0.034375 0.1
1 0.52890625 0.19722222222222224 0.0359375 0.06111111111111111
1 0.5046875 0.2125 0.028125 0.06944444444444445
1 0.33046875 0.1736111111111111 0.0203125 0.04722222222222222
1 0.48046875 0.12222222222222222 0.0171875 0.03888888888888889
0 0.453125 0.16944444444444445 0.015625 0.03888888888888889
0 0.528125 0.3236111111111111 0.021875 0.06388888888888887
0 0.33828125 0.6180555555555556 0.0515625 0.09166666666666666
0 0.23671875 0.6861111111111111 0.0453125 0.10555555555555557
0 0.0625 0.9375 0.06875 0.125
0 0.3234375 0.35 0.025 0.06111111111111111
0 0.3765625 0.2763888888888889 0.01875 0.04166666666666666
3 0.33984375 0.2388888888888889 0.0140625 0.03333333333333333
0 0.38359375 0.2 0.0140625 0.03333333333333333
0 0.35 0.20555555555555555 0.01875 0.027777777777777776
0 0.31328125 0.2375 0.0140625 0.036111111111111115
2 0.2671875 0.3597222222222222 0.028125 0.04722222222222222
0 0.38046875 0.1527777777777778 0.0203125 0.022222222222222227
0 0.45625 0.13055555555555556 0.025 0.03333333333333333
