3 0.6984375 0.5722222222222222 0.01875 0.08888888888888889
0 0.628125 0.7125 0.06875 0.15833333333333333
0 0.51953125 0.4583333333333333 0.0484375 0.06666666666666668
1 0.5625 0.3875 0.021875 0.05833333333333333
0 0.2828125 0.8069444444444445 0.053125 0.175
0 0.384375 0.26666666666666666 0.028125 0.03888888888888889
0 0.31484375 0.25416666666666665 0.0203125 0.030555555555555555
0 0.4734375 0.2611111111111111 0.025 0.04444444444444445
0 0.46171875 0.19722222222222224 0.0171875 0.016666666666666666
1 0.56484375 0.25277777777777777 0.0328125 0.08333333333333333
0 0.3578125 0.20416666666666666 0.021875 0.030555555555555555
0 0.50859375 0.175 0.0234375 0.03333333333333333
0 0.38359375 0.16805555555555554 0.0140625 0.025
