0 0.621875 0.6055555555555555 0.059375 0.10555555555555557
0 0.51875 0.4986111111111111 0.053125 0.09722222222222222
0 0.58515625 0.3416666666666667 0.0296875 0.07222222222222223
0 0.52890625 0.3194444444444444 0.0265625 0.06111111111111111
1 0.13359375 0.6861111111111111 0.0890625 0.18333333333333326
1 0.33125 0.3111111111111111 0.025 0.05555555555555555
1 0.35 0.21666666666666667 0.025 0.04444444444444445
1 0.3234375 0.19722222222222224 0.009375 0.03333333333333333
1 0.496875 0.19583333333333333 0.021875 0.030555555555555555
1 0.475 0.17222222222222222 0.01875 0.022222222222222227
1 0.359375 0.16944444444444445 0.01875 0.022222222222222227
3 0.48125 0.11666666666666667 0.03125 0.05
