0 0.553125 0.7486111111111111 0.059375 0.1527777777777778
0 0.5828125 0.4777777777777778 0.05 0.08888888888888889
0 0.29296875 0.8972222222222223 0.0484375 0.20555555555555555
0 0.37734375 0.31527777777777777 0.0296875 0.05833333333333333
0 0.32265625 0.2902777777777778 0.0234375 0.04722222222222222
0 0.47265625 0.2486111111111111 0.0265625 0.04722222222222222
0 0.4765625 0.1638888888888889 0.015625 0.03333333333333333
0 0.4578125 0.12777777777777774 0.01875 0.016666666666666666
0 0.4515625 0.1638888888888889 0.015625 0.027777777777777776
1 0.26171875 0.3875 0.0359375 0.09166666666666666
0 0.35703125 0.13055555555555556 0.0140625 0.03333333333333333
0 0.37265625 0.1125 0.0171875 0.030555555555555555
1 0.33515625 0.11527777777777777 0.0171875 0.025
