0 0.73828125 0.7694444444444445 0.0890625 0.2
0 0.6515625 0.475 0.034375 0.08333333333333333
0 0.5828125 0.33055555555555555 0.028125 0.06666666666666668
0 0.19609375 0.5625 0.0359375 0.06944444444444445
0 0.3859375 0.2833333333333333 0.025 0.04444444444444445
0 0.33203125 0.3541666666666667 0.0265625 0.052777777777777785
0 0.4953125 0.3944444444444444 0.034375 0.07222222222222223
0 0.47265625 0.2375 0.0171875 0.04722222222222222
0 0.36015625 0.18472222222222226 0.0171875 0.030555555555555555
0 0.35703125 0.15138888888888888 0.0171875 0.025
0 0.38125 0.14166666666666666 0.015625 0.03333333333333333
1 0.5328125 0.2125 0.03125 0.04722222222222222
1 0.321875 0.21388888888888888 0.015625 0.03888888888888889
2 0.32890625 0.17916666666666667 0.0171875 0.025
2 0.33984375 0.26666666666666666 0.0328125 0.04444444444444445
3 0.378125 0.20833333333333331 0.015625 0.03333333333333333
