3 0.56640625 0.6305555555555555 0.0203125 0.07222222222222223
3 0.5578125 0.3944444444444444 0.015625 0.05555555555555555
1 0.6609375 0.4763888888888889 0.05625 0.10833333333333334
1 0.63359375 0.6305555555555555 0.0671875 0.2
1 0.56484375 0.275 0.0328125 0.05
1 0.48515625 0.13194444444444445 0.0203125 0.04722222222222222
1 0.45703125 0.12222222222222222 0.0171875 0.03333333333333333
1 0.3375 0.11388888888888887 0.021875 0.03333333333333333
0 0.5140625 0.25972222222222224 0.025 0.04722222222222222
0 0.56484375 0.7777777777777778 0.0578125 0.14444444444444446
0 0.4671875 0.2333333333333333 0.021875 0.05555555555555555
0 0.49921875 0.2013888888888889 0.0171875 0.036111111111111115
0 0.47890625 0.1638888888888889 0.0140625 0.03888888888888889
0 0.31953125 0.2111111111111111 0.0171875 0.03333333333333333
3 0.36875 0.17916666666666667 0.0125 0.030555555555555555
2 0.3375 0.1527777777777778 0.01875 0.027777777777777776
0 0.38125 0.14444444444444446 0.0125 0.03333333333333333
