0 0.33515625 0.6541666666666667 0.0359375 0.11944444444444445
0 0.62109375 0.6486111111111111 0.0578125 0.13055555555555556
0 0.559375 0.3888888888888889 0.028125 0.07222222222222223
0 0.49296875 0.19583333333333333 0.0171875 0.04166666666666666
0 0.4578125 0.19166666666666668 0.021875 0.027777777777777776
0 0.5 0.4361111111111111 0.040625 0.08888888888888889
0 0.29453125 0.4666666666666667 0.0296875 0.06111111111111111
0 0.390625 0.20694444444444446 0.021875 0.036111111111111115
0 0.3828125 0.16944444444444445 0.01875 0.03333333333333333
1 0.35 0.2263888888888889 0.021875 0.04166666666666666
1 0.3296875 0.2972222222222222 0.028125 0.06666666666666668
1 0.28046875 0.32083333333333336 0.0296875 0.05833333333333333
1 0.16015625 0.5958333333333333 0.0640625 0.1361111111111111
1 0.2140625 0.7180555555555556 0.090625 0.21388888888888888
1 0.77265625 0.7722222222222223 0.1390625 0.2777777777777778
1 0.5828125 0.2875 0.034375 0.06388888888888887
1 0.62109375 0.3902777777777778 0.0671875 0.10833333333333334
1 0.3328125 0.16666666666666666 0.015625 0.027777777777777776
4 0.33984375 0.1125 0.0171875 0.05833333333333333
0 0.3625 0.1527777777777778 0.0125 0.027777777777777776
