4 0.2203125 0.4763888888888889 0.084375 0.19722222222222224
2 0.66328125 0.7736111111111111 0.0734375 0.21388888888888888
0 0.53203125 0.31527777777777777 0.0421875 0.05833333333333333
0 0.321875 0.3736111111111111 0.0375 0.06944444444444445
0 0.34375 0.24305555555555555 0.025 0.052777777777777785
0 0.38671875 0.15694444444444444 0.0265625 0.019444444444444445
0 0.35625 0.11527777777777777 0.0125 0.019444444444444445
3 0.35625 0.19166666666666668 0.0125 0.027777777777777776
3 0.253125 0.9222222222222224 0.04375 0.11666666666666667
1 0.30078125 0.2763888888888889 0.0359375 0.06388888888888887
1 0.546875 0.2222222222222222 0.04375 0.07777777777777778
1 0.33671875 0.15555555555555556 0.0203125 0.03888888888888889
1 0.3375 0.11805555555555555 0.021875 0.025
