0 0.534375 0.6472222222222223 0.05625 0.13333333333333333
3 0.5515625 0.5222222222222223 0.03125 0.05555555555555555
3 0.49375 0.2652777777777778 0.01875 0.04722222222222222
3 0.46171875 0.16666666666666666 0.0140625 0.022222222222222227
0 0.35625 0.17777777777777778 0.021875 0.027777777777777776
0 0.315625 0.21666666666666667 0.025 0.03333333333333333
0 0.5328125 0.34444444444444444 0.034375 0.05
0 0.51484375 0.18194444444444444 0.0171875 0.030555555555555555
0 0.4875 0.1930555555555556 0.01875 0.04166666666666666
1 0.5484375 0.2222222222222222 0.0375 0.07222222222222223
1 0.61484375 0.37777777777777777 0.0453125 0.12222222222222222
1 0.2734375 0.3194444444444444 0.03125 0.10555555555555557
2 0.27265625 0.525 0.0359375 0.10555555555555557
2 0.5078125 0.24305555555555555 0.028125 0.04722222222222222
1 0.496875 0.14583333333333334 0.021875 0.030555555555555555
1 0.47421875 0.11805555555555555 0.0203125 0.04166666666666666
0 0.4515625 0.125 0.0125 0.027777777777777776
0 0.35859375 0.1361111111111111 0.0171875 0.027777777777777776
