0 0.57421875 0.9319444444444444 0.0890625 0.1361111111111111
0 0.48828125 0.32916666666666666 0.0265625 0.06388888888888887
0 0.47109375 0.2180555555555556 0.0265625 0.04722222222222222
3 0.50234375 0.2375 0.0140625 0.030555555555555555
1 0.6140625 0.39166666666666666 0.046875 0.08333333333333333
1 0.23671875 0.6347222222222222 0.0609375 0.14722222222222225
1 0.20546875 0.475 0.0734375 0.16111111111111112
1 0.81015625 0.8361111111111111 0.1234375 0.3277777777777778
2 0.55234375 0.24722222222222226 0.0296875 0.06666666666666668
0 0.51796875 0.19166666666666668 0.0234375 0.03333333333333333
2 0.3265625 0.1875 0.01875 0.030555555555555555
0 0.3828125 0.14583333333333334 0.0125 0.025
1 0.3546875 0.15416666666666667 0.015625 0.036111111111111115
