0 0.60078125 0.5097222222222222 0.0484375 0.11388888888888887
2 0.50703125 0.2513888888888889 0.0265625 0.05833333333333333
3 0.36171875 0.2125 0.0078125 0.030555555555555555
3 0.3546875 0.1930555555555556 0.0125 0.036111111111111115
0 0.38515625 0.18194444444444444 0.0203125 0.030555555555555555
0 0.3109375 0.2361111111111111 0.015625 0.04444444444444445
0 0.4734375 0.2652777777777778 0.021875 0.04722222222222222
1 0.49375 0.1486111111111111 0.021875 0.030555555555555555
1 0.33515625 0.14166666666666666 0.0171875 0.03333333333333333
1 0.3359375 0.17916666666666667 0.0125 0.025
1 0.36015625 0.1597222222222222 0.0109375 0.036111111111111115
