0 0.534375 0.5736111111111111 0.05625 0.13055555555555556
0 0.4953125 0.4444444444444444 0.034375 0.08333333333333333
0 0.51015625 0.24305555555555555 0.0296875 0.04166666666666666
1 0.3296875 0.29444444444444445 0.028125 0.05555555555555555
1 0.7765625 0.7513888888888889 0.11875 0.26944444444444443
1 0.52265625 0.18888888888888888 0.0265625 0.05555555555555555
0 0.28203125 0.4638888888888889 0.0328125 0.08888888888888889
0 0.3765625 0.22916666666666666 0.025 0.036111111111111115
0 0.35546875 0.19166666666666668 0.0171875 0.022222222222222227
0 0.3859375 0.17777777777777778 0.0125 0.03333333333333333
0 0.46484375 0.1486111111111111 0.0171875 0.019444444444444445
0 0.35390625 0.14444444444444446 0.0140625 0.027777777777777776
0 0.3796875 0.15416666666666667 0.015625 0.019444444444444445
4 0.4765625 0.11388888888888887 0.025 0.06111111111111111
