1 0.3 0.26666666666666666 0.028125 0.07777777777777778
3 0.47421875 0.2388888888888889 0.0140625 0.05
0 0.51640625 0.5083333333333333 0.0390625 0.1
1 0.596875 0.5319444444444444 0.059375 0.14166666666666666
1 0.63671875 0.4055555555555556 0.0609375 0.1388888888888889
1 0.5109375 0.23472222222222225 0.0375 0.06944444444444445
0 0.4859375 0.18194444444444444 0.021875 0.030555555555555555
0 0.3578125 0.14166666666666666 0.01875 0.022222222222222227
0 0.33671875 0.1375 0.0140625 0.019444444444444445
2 0.4625 0.13194444444444445 0.025 0.030555555555555555
