0 0.53046875 0.6583333333333333 0.0515625 0.12222222222222222
0 0.63203125 0.5375 0.0578125 0.125
0 0.49453125 0.34444444444444444 0.0265625 0.06666666666666668
3 0.55 0.4861111111111111 0.028125 0.07222222222222223
0 0.309375 0.3736111111111111 0.025 0.04722222222222222
2 0.22890625 0.43472222222222223 0.0328125 0.08611111111111111
1 0.2671875 0.5305555555555556 0.040625 0.10555555555555557
1 0.56640625 0.2722222222222222 0.0453125 0.08333333333333333
2 0.51484375 0.25555555555555554 0.0296875 0.05555555555555555
2 0.3296875 0.14722222222222225 0.015625 0.03888888888888889
2 0.35546875 0.36527777777777776 0.0296875 0.052777777777777785
0 0.3171875 0.25972222222222224 0.01875 0.036111111111111115
0 0.32578125 0.20972222222222225 0.0171875 0.030555555555555555
0 0.3546875 0.19722222222222224 0.021875 0.027777777777777776
0 0.359375 0.1638888888888889 0.015625 0.022222222222222227
0 0.3734375 0.12361111111111113 0.015625 0.013888888888888888
