3 0.53203125 0.24722222222222226 0.0109375 0.04444444444444445
0 0.34453125 0.2388888888888889 0.0171875 0.03888888888888889
0 0.36015625 0.15416666666666667 0.0234375 0.030555555555555555
0 0.33515625 0.15138888888888888 0.0171875 0.019444444444444445
0 0.4796875 0.3125 0.028125 0.04722222222222222
0 0.54140625 0.37083333333333335 0.0390625 0.052777777777777785
2 0.61953125 0.4208333333333333 0.0453125 0.09722222222222222
2 0.7 0.6347222222222222 0.05625 0.11944444444444445
1 0.69140625 0.8916666666666667 0.0953125 0.2111111111111111
1 0.5265625 0.2 0.03125 0.06111111111111111
1 0.52734375 0.2916666666666667 0.0328125 0.06111111111111111
