1 0.64375 0.6972222222222222 0.071875 0.16111111111111112
0 0.53359375 0.5930555555555556 0.0546875 0.11944444444444445
2 0.55703125 0.3333333333333333 0.0390625 0.07222222222222223
1 0.30078125 0.4 0.0546875 0.13333333333333333
1 0.19921875 0.4972222222222222 0.0671875 0.15
1 0.31328125 0.2263888888888889 0.0296875 0.09166666666666666
1 0.4921875 0.13333333333333333 0.028125 0.04444444444444445
1 0.45625 0.09722222222222222 0.015625 0.022222222222222227
0 0.49921875 0.22083333333333333 0.0265625 0.04722222222222222
0 0.4578125 0.13055555555555556 0.021875 0.022222222222222227
0 0.38125 0.18055555555555555 0.015625 0.03333333333333333
0 0.3828125 0.2652777777777778 0.028125 0.04166666666666666
0 0.334375 0.15138888888888888 0.015625 0.030555555555555555
0 0.35859375 0.19027777777777774 0.0171875 0.04166666666666666
4 0.36015625 0.13194444444444445 0.0234375 0.04722222222222222
0 0.3765625 0.11666666666666667 0.009375 0.011111111111111113
