1 0.7671875 0.7611111111111111 0.090625 0.24444444444444444
1 0.303125 0.2708333333333333 0.01875 0.06388888888888887
1 0.33125 0.1625 0.028125 0.05833333333333333
1 0.46875 0.10972222222222222 0.015625 0.04166666666666666
3 0.47734375 0.24444444444444444 0.0171875 0.03888888888888889
3 0.49296875 0.18333333333333326 0.0234375 0.027777777777777776
3 0.3515625 0.12777777777777774 0.01875 0.016666666666666666
2 0.5484375 0.37083333333333335 0.040625 0.09722222222222222
0 0.38515625 0.225 0.0265625 0.03333333333333333
0 0.2984375 0.4375 0.03125 0.05833333333333333
0 0.3359375 0.29444444444444445 0.01875 0.05
0 0.19453125 0.8666666666666667 0.0578125 0.13333333333333333
0 0.3875 0.17777777777777778 0.025 0.027777777777777776
0 0.3578125 0.175 0.0125 0.027777777777777776
0 0.35234375 0.2111111111111111 0.0234375 0.03333333333333333
0 0.4609375 0.14444444444444446 0.009375 0.016666666666666666
0 0.37734375 0.13055555555555556 0.0109375 0.027777777777777776
