1 0.64296875 0.4638888888888889 0.0515625 0.12222222222222222
1 0.5890625 0.5541666666666667 0.05625 0.11944444444444445
2 0.18359375 0.8111111111111111 0.0734375 0.13333333333333333
2 0.51953125 0.27361111111111114 0.0296875 0.06388888888888887
2 0.33671875 0.2722222222222222 0.0234375 0.04444444444444445
0 0.47109375 0.24305555555555555 0.0203125 0.05833333333333333
0 0.26875 0.3694444444444445 0.034375 0.05
0 0.3859375 0.18333333333333326 0.015625 0.03333333333333333
0 0.3609375 0.15694444444444444 0.015625 0.025
1 0.31015625 0.22916666666666666 0.0265625 0.04722222222222222
1 0.33359375 0.16111111111111112 0.0140625 0.03333333333333333
1 0.4875 0.13333333333333333 0.01875 0.03888888888888889
1 0.459375 0.09861111111111112 0.021875 0.030555555555555555
