1 0.64296875 0.7069444444444445 0.0859375 0.175
1 0.7875 0.8055555555555556 0.134375 0.38333333333333336
2 0.53125 0.31666666666666665 0.034375 0.05555555555555555
2 0.46953125 0.1388888888888889 0.0171875 0.03333333333333333
0 0.47578125 0.2625 0.0296875 0.052777777777777785
0 0.5046875 0.425 0.040625 0.06666666666666668
1 0.55 0.2333333333333333 0.040625 0.06666666666666668
1 0.496875 0.14722222222222225 0.025 0.04444444444444445
2 0.48359375 0.17916666666666667 0.0171875 0.036111111111111115
0 0.45625 0.18333333333333326 0.021875 0.03888888888888889
0 0.44921875 0.14583333333333334 0.0140625 0.025
0 0.3546875 0.20555555555555555 0.015625 0.027777777777777776
1 0.3140625 0.2375 0.034375 0.08055555555555556
3 0.2125 0.7041666666666667 0.021875 0.075
0 0.378125 0.2833333333333333 0.025 0.03888888888888889
1 0.32421875 0.17777777777777778 0.0296875 0.03888888888888889
