0 0.51171875 0.4361111111111111 0.0453125 0.07222222222222223
0 0.48125 0.2763888888888889 0.03125 0.04722222222222222
0 0.27578125 0.3430555555555556 0.0203125 0.04722222222222222
1 0.35546875 0.18472222222222226 0.0234375 0.052777777777777785
1 0.58828125 0.30277777777777776 0.0359375 0.07222222222222223
1 0.3078125 0.25277777777777777 0.021875 0.05555555555555555
1 0.71171875 0.7111111111111111 0.0953125 0.25
1 0.49765625 0.15833333333333333 0.0203125 0.03333333333333333
0 0.45625 0.12222222222222222 0.0125 0.027777777777777776
0 0.46328125 0.14444444444444446 0.0171875 0.03888888888888889
0 0.3625 0.125 0.01875 0.022222222222222227
