2 0.6890625 0.575 0.065625 0.12777777777777774
2 0.33828125 0.23194444444444445 0.0234375 0.052777777777777785
3 0.24140625 0.5763888888888888 0.0203125 0.06388888888888887
3 0.371875 0.22361111111111112 0.021875 0.04166666666666666
0 0.20703125 0.5180555555555556 0.0328125 0.09166666666666666
0 0.121875 0.7541666666666667 0.053125 0.125
1 0.296875 0.275 0.021875 0.05
0 0.3328125 0.2888888888888889 0.025 0.03333333333333333
0 0.38125 0.1625 0.0125 0.030555555555555555
0 0.3546875 0.14305555555555555 0.015625 0.025
0 0.459375 0.14166666666666666 0.015625 0.016666666666666666
1 0.534375 0.225 0.021875 0.06111111111111111
1 0.48671875 0.13055555555555556 0.0203125 0.03888888888888889
1 0.45546875 0.08611111111111111 0.0203125 0.03333333333333333
2 0.45078125 0.12222222222222222 0.0171875 0.022222222222222227
1 0.33203125 0.175 0.0234375 0.03888888888888889
