1 0.70859375 0.5930555555555556 0.0859375 0.1527777777777778
1 0.065625 0.9 0.0875 0.18888888888888888
1 0.18359375 0.925 0.0890625 0.15
1 0.31484375 0.2375 0.0234375 0.052777777777777785
2 0.478125 0.15416666666666667 0.021875 0.030555555555555555
3 0.32421875 0.3388888888888889 0.0265625 0.06666666666666668
3 0.26484375 0.8097222222222222 0.0234375 0.08055555555555556
0 0.53671875 0.3277777777777778 0.0328125 0.05555555555555555
0 0.5046875 0.22916666666666666 0.015625 0.036111111111111115
0 0.4546875 0.175 0.01875 0.03333333333333333
1 0.33515625 0.14583333333333334 0.0203125 0.04166666666666666
3 0.35390625 0.14027777777777778 0.0109375 0.025
