3 0.62890625 0.6041666666666666 0.0265625 0.08611111111111111
3 0.67265625 0.6291666666666667 0.0234375 0.06944444444444445
3 0.50078125 0.3513888888888889 0.0265625 0.06388888888888887
3 0.32578125 0.30416666666666664 0.0171875 0.036111111111111115
1 0.2953125 0.4625 0.040625 0.08611111111111111
1 0.85859375 0.9125 0.1296875 0.175
1 0.61875 0.3930555555555556 0.03125 0.08055555555555556
1 0.3546875 0.21388888888888888 0.015625 0.04444444444444445
1 0.32421875 0.22777777777777775 0.0265625 0.05
0 0.4875 0.2 0.01875 0.03888888888888889
0 0.21015625 0.825 0.0546875 0.16111111111111112
0 0.53203125 0.6291666666666667 0.0515625 0.11944444444444445
0 0.46015625 0.13055555555555556 0.0203125 0.027777777777777776
4 0.37890625 0.16666666666666666 0.0140625 0.027777777777777776
0 0.33671875 0.15555555555555556 0.0171875 0.027777777777777776
2 0.1890625 0.5694444444444444 0.05625 0.10555555555555557
2 0.284375 0.32222222222222224 0.034375 0.05
1 0.35859375 0.1597222222222222 0.0109375 0.030555555555555555
