3 0.5796875 0.6833333333333333 0.03125 0.08888888888888889
3 0.50546875 0.30972222222222223 0.0140625 0.04722222222222222
3 0.51953125 0.20555555555555555 0.0140625 0.03333333333333333
1 0.63046875 0.4527777777777778 0.0421875 0.08333333333333333
2 0.578125 0.3347222222222222 0.034375 0.06944444444444445
1 0.32421875 0.33055555555555555 0.0296875 0.06111111111111111
1 0.3140625 0.22361111111111112 0.0375 0.06388888888888887
0 0.4609375 0.1930555555555556 0.015625 0.030555555555555555
0 0.48828125 0.18611111111111112 0.0171875 0.027777777777777776
0 0.2484375 0.4263888888888889 0.028125 0.06388888888888887
0 0.2390625 0.6791666666666667 0.05 0.11388888888888887
0 0.334375 0.13194444444444445 0.015625 0.025
