0 0.64453125 0.7083333333333334 0.0609375 0.15
1 0.08125 0.8222222222222222 0.10625 0.2611111111111111
0 0.54375 0.3625 0.040625 0.08055555555555556
0 0.47734375 0.29444444444444445 0.0234375 0.05555555555555555
0 0.3796875 0.25416666666666665 0.015625 0.030555555555555555
0 0.3484375 0.26805555555555555 0.025 0.030555555555555555
0 0.46328125 0.20277777777777775 0.0171875 0.03888888888888889
0 0.49609375 0.2 0.0171875 0.03888888888888889
0 0.38984375 0.16805555555555554 0.0171875 0.025
1 0.33125 0.17083333333333334 0.0125 0.04166666666666666
1 0.36171875 0.1625 0.0109375 0.04722222222222222
0 0.29921875 0.9444444444444444 0.0671875 0.1111111111111111
