0 0.57109375 0.8777777777777778 0.0734375 0.2
2 0.640625 0.6555555555555556 0.06875 0.16666666666666666
2 0.55859375 0.3805555555555555 0.0421875 0.1
2 0.50625 0.22916666666666666 0.025 0.04166666666666666
2 0.51796875 0.1763888888888889 0.0203125 0.04722222222222222
1 0.2671875 0.35 0.034375 0.06666666666666668
1 0.6421875 0.4319444444444445 0.078125 0.1527777777777778
1 0.56796875 0.26805555555555555 0.0484375 0.08611111111111111
0 0.47421875 0.24444444444444444 0.0265625 0.04444444444444445
0 0.48125 0.17222222222222222 0.015625 0.03333333333333333
0 0.453125 0.1736111111111111 0.015625 0.036111111111111115
0 0.4625 0.1375 0.015625 0.025
1 0.49453125 0.1388888888888889 0.0234375 0.04444444444444445
3 0.36015625 0.24027777777777776 0.0140625 0.030555555555555555
0 0.35546875 0.1930555555555556 0.0171875 0.030555555555555555
0 0.36015625 0.16111111111111112 0.0140625 0.03333333333333333
1 0.33203125 0.16111111111111112 0.0171875 0.04444444444444445
