1 0.70703125 0.6444444444444445 0.0703125 0.17222222222222222
0 0.521875 0.5472222222222223 0.046875 0.12222222222222222
0 0.584375 0.5402777777777777 0.04375 0.10833333333333334
0 0.46484375 0.2 0.0234375 0.03888888888888889
2 0.6078125 0.3888888888888889 0.040625 0.09444444444444444
2 0.48828125 0.13194444444444445 0.0203125 0.030555555555555555
2 0.35078125 0.23194444444444445 0.0234375 0.036111111111111115
0 0.3875 0.225 0.01875 0.03333333333333333
3 0.33046875 0.3125 0.0234375 0.04722222222222222
3 0.27890625 0.6402777777777777 0.0296875 0.08055555555555556
0 0.3640625 0.17777777777777778 0.01875 0.027777777777777776
0 0.37578125 0.12777777777777774 0.0140625 0.016666666666666666
0 0.47109375 0.15138888888888888 0.0171875 0.025
0 0.453125 0.12916666666666668 0.021875 0.019444444444444445
3 0.3390625 0.12083333333333332 0.01875 0.025
